SF-14


The Bond Market Association

Uniform Practices/Standard Formulas

Conversion of ABS to SMM
Months after
Origination

0.50
ABS

0.75
ABS

1.00
ABS

1.25
ABS

1.50
ABS

1.75
ABS

2.00
ABS

1
2
3
4
5
6
7
8
9
10
11
12
13
14
15
16
17
18
19
20
21
22
23
24
25
26
27
28
29
30
31
32
33
34
35
36
37
38
39
40
41
42
43
44
45
46
47
48
49
50

0.50
0.50
0.51
0.51
0.51
0.51
0.52
0.52
0.52
0.52
0.53
0.53
0.53
0.53
0.54
0.54
0.54
0.55
0.55
0.55
0.56
0.56
0.56
0.56
0.57
0.57
0.57
0.58
0.58
0.58
0.59
0.59
0.60
0.60
0.60
0.61
0.61
0.61
0.62
0.62
0.63
0.63
0.63
0.64
0.64
0.65
0.65
0.65
0.66
0.66

0.75
0.76
0.76
0.77
0.77
0.78
0.79
0.79
0.80
0.80
0.81
0.82
0.82
0.83
0.84
0.85
0.85
0.86
0.87
0.87
0.88
0.89
0.90
0.91
0.91
0.92
0.93
0.94
0.95
0.96
0.97
0.98
0.99
1.00
1.01
1.02
1.03
1.04
1.05
1.06
1.07
1.08
1.09
1.11
1.12
1.13
1.15
1.16
1.17
1.19

1.00
1.01
1.02
1.03
1.04
1.05
1.06
1.08
1.09
1.10
1.11
1.12
1.14
1.15
1.16
1.18
1.19
1.20
1.22
1.23
1.25
1.27
1.28
1.30
1.32
1.33
1.35
1.37
1.39
1.41
1.43
1.45
1.47
1.49
1.52
1.54
1.56
1.59
1.61
1.64
1.67
1.69
1.72
1.75
1.79
1.82
1.85
1.89
1.92
1.96

1.25
1.27
1.28
1.30
1.32
1.33
1.35
1.37
1.39
1.41
1.43
1.45
1.47
1.49
1.52
1.54
1.56
1.59
1.61
1.64
1.67
1.69
1.72
1.75
1.79
1.82
1.85
1.89
1.92
1.96
2.00
2.04
2.08
2.13
2.17
2.22
2.27
2.33
2.38
2.44
2.50
2.56
2.63
2.70
2.78
2.86
2.94
3.03
3.13
3.23

1.50
1.52
1.55
1.57
1.60
1.62
1.65
1.68
1.70
1.73
1.76
1.80
1.83
1.86
1.90
1.94
1.97
2.01
2.05
2.10
2.14
2.19
2.24
2.29
2.34
2.40
2.46
2.52
2.59
2.65
2.73
2.80
2.88
2.97
3.06
3.16
3.26
3.37
3.49
3.61
3.75
3.90
4.05
4.23
4.41
4.62
4.84
5.08
5.36
5.66

1.75
1.78
1.81
1.85
1.88
1.92
1.96
1.99
2.03
2.08
2.12
2.17
2.22
2.27
2.32
2.37
2.43
2.49
2.55
2.62
2.69
2.77
2.85
2.93
3.02
3.11
3.21
3.32
3.43
3.55
3.68
3.83
3.98
4.14
4.32
4.52
4.73
4.96
5.22
5.51
5.83
6.19
6.60
7.07
7.61
8.24
8.97
9.86
10.94
12.28

2.00
2.04
2.08
2.13
2.17
2.22
2.27
2.33
2.38
2.44
2.50
2.56
2.63
2.70
2.78
2.86
2.94
3.03
3.13
3.23
3.33
3.45
3.57
3.70
3.85
4.00
4.17
4.35
4.55
4.76
5.00
5.26
5.56
5.88
6.25
6.67
7.14
7.69
8.33
9.09
10.00
11.11
12.50
14.29
16.67
20.00
25.00
33.33
50.00
100.00

02/01/99
All rights reserved. Reproduction in any form is strictly forbidden. © 1999 The Bond Market Association.
