SF-26

Month

Performing
Balance

Recover after
Loss Severity

The Bond Market Association

02/01/99

All rights reserved. Reproduction in any form is strictly forbidden. © 1999 The Bond Market Association.

WAC
WAM


Cash Flow A

Standard Default Methodology
Principal and Interest Are Advanced
8.00%
360

Prepay Rate
Default Rate

1% SMM
1% MDR

New
Defaults

In
Foreclosure

Amort
Factor

193
194
195
196
197
198
199
200
201
202
203
204
205
206
207
208
209
210
211
212
213
214
215
216
217
218
219
220
221
222
223
224
225
226
227
228
229
230
231
232
233
234
235
236
237
238
239
240

1,494,734
1,460,037
1,426,098
1,392,901
1,360,432
1,328,674
1,297,612
1,267,232
1,237,520
1,208,460
1,180,040
1,152,245
1,125,063
1,098,480
1,072,483
1,047,061
1,022,201
997,890
974,118
950,873
928,143
905,918
884,187
862,939
842,164
821,852
801,993
782,577
763,595
745,037
726,895
709,159
691,821
674,872
658,305
642,109
626,279
610,805
595,681
580,898
566,450
552,328
538,527
525,039
511,857
498,975
486,386
474,084

15,302
14,947
14,600
14,261
13,929
13,604
13,287
12,976
12,672
12,375
12,085
11,800
11,522
11,251
10,985
10,725
10,471
10,222
9,979
9,741
9,509
9,281
9,059
8,842
8,629
8,422
8,219
8,020
7,826
7,636
7,450
7,269
7,092
6,918
6,749
6,583
6,421
6,263
6,108
5,957
5,809
5,664
5,523
5,385
5,250
5,119
4,990
4,864

205,037
200,277
195,622
191,068
186,614
182,258
177,997
173,830
169,754
165,768
161,869
158,056
154,328
150,681
147,115
143,628
140,218
136,883
133,622
130,434
127,316
124,267
121,286
118,372
115,522
112,736
110,011
107,348
104,744
102,199
99,710
97,277
94,899
92,574
90,301
88,080
85,908
83,786
81,711
79,683
77,701
75,764
73,871
72,021
70,213
68,446
66,719
65,031

0.7378
0.7354
0.7329
0.7305
0.7280
0.7255
0.7230
0.7205
0.7180
0.7154
0.7129
0.7103
0.7077
0.7051
0.7024
0.6998
0.6971
0.6944
0.6917
0.6890
0.6862
0.6835
0.6807
0.6779
0.6751
0.6722
0.6694
0.6665
0.6636
0.6607
0.6577
0.6548
0.6518
0.6488
0.6458
0.6428
0.6397
0.6367
0.6336
0.6304
0.6273
0.6242
0.6210
0.6178
0.6146
0.6113
0.6081
0.6048

12 months (time to liquidation)
20.00%

Expected
Voluntary
Amortization Prepayments
5,586
5,511
5,437
5,363
5,291
5,220
5,150
5,080
5,012
4,944
4,878
4,812
4,747
4,683
4,620
4,558
4,497
4,436
4,376
4,317
4,259
4,202
4,145
4,090
4,034
3,980
3,927
3,874
3,821
3,770
3,719
3,669
3,620
3,571
3,523
3,475
3,429
3,382
3,337
3,292
3,248
3,204
3,161
3,118
3,076
3,035
2,994
2,954

15,252
14,898
14,552
14,213
13,882
13,558
13,241
12,931
12,628
12,331
12,041
11,758
11,480
11,209
10,944
10,684
10,431
10,183
9,940
9,703
9,471
9,244
9,022
8,806
8,594
8,386
8,184
7,985
7,792
7,602
7,417
7,236
7,059
6,886
6,717
6,552
6,391
6,233
6,078
5,928
5,780
5,636
5,495
5,358
5,223
5,092
4,963
4,838

Amort
From
Defaults

Actual
Amort

Expected
Interest

Interest
Lost

Actual
Interest

Principal
Recovery

Principal
Loss

Amortized
Default Bal
In Recovery
Month

668
659
650
641
633
624
616
607
599
591
583
575
568
560
552
545
538
530
523
516
509
502
496
489
482
476
469
463
457
451
445
439
433
427
421
416
410
404
399
394
388
383
378
373
368
363
358
353

4,918
4,852
4,787
4,722
4,659
4,596
4,534
4,473
4,413
4,353
4,295
4,237
4,180
4,123
4,068
4,013
3,959
3,906
3,853
3,801
3,750
3,700
3,650
3,601
3,552
3,504
3,457
3,411
3,365
3,319
3,275
3,230
3,187
3,144
3,102
3,060
3,019
2,978
2,938
2,898
2,859
2,821
2,783
2,745
2,708
2,672
2,636
2,600

11,601
11,332
11,069
10,811
10,560
10,314
10,073
9,837
9,607
9,382
9,162
8,946
8,735
8,529
8,328
8,131
7,938
7,749
7,565
7,385
7,209
7,036
6,868
6,703
6,542
6,385
6,231
6,080
5,933
5,789
5,648
5,511
5,376
5,245
5,116
4,991
4,868
4,748
4,631
4,516
4,404
4,294
4,187
4,083
3,980
3,880
3,783
3,687

1,501
1,467
1,433
1,399
1,367
1,335
1,304
1,273
1,243
1,214
1,186
1,158
1,131
1,104
1,078
1,052
1,027
1,003
979
956
933
911
889
868
847
826
806
787
768
749
731
713
696
679
662
646
630
614
599
584
570
556
542
528
515
502
490
477

10,099
9,865
9,636
9,412
9,193
8,979
8,769
8,564
8,364
8,168
7,976
7,788
7,605
7,425
7,250
7,078
6,911
6,747
6,586
6,429
6,276
6,126
5,979
5,836
5,695
5,558
5,424
5,293
5,165
5,040
4,917
4,798
4,680
4,566
4,454
4,345
4,238
4,133
4,031
3,931
3,834
3,739
3,645
3,554
3,465
3,378
3,293
3,210

15,455
15,095
14,743
14,399
14,062
13,733
13,411
13,096
12,789
12,487
12,193
11,905
11,623
11,348
11,078
10,815
10,557
10,306
10,059
9,818
9,583
9,353
9,128
8,908
8,692
8,482
8,276
8,075
7,879
7,686
7,499
7,315
7,135
6,960
6,788
6,621
6,457
6,297
6,140
5,987
5,837
5,691
5,548
5,409
5,272
5,139
5,009
4,882

4,046
3,953
3,863
3,774
3,688
3,603
3,521
3,440
3,360
3,283
3,207
3,133
3,060
2,989
2,920
2,852
2,786
2,721
2,657
2,595
2,534
2,475
2,417
2,360
2,304
2,250
2,197
2,145
2,094
2,044
1,996
1,948
1,902
1,856
1,812
1,768
1,726
1,684
1,644
1,604
1,565
1,527
1,490
1,454
1,418
1,384
1,350
1,317

19,500
19,048
18,606
18,173
17,750
17,337
16,932
16,536
16,149
15,770
15,400
15,038
14,684
14,337
13,998
13,667
13,343
13,026
12,717
12,414
12,117
11,828
11,545
11,268
10,997
10,732
10,473
10,220
9,973
9,731
9,494
9,263
9,037
8,816
8,600
8,389
8,183
7,981
7,784
7,591
7,403
7,219
7,039
6,863
6,691
6,523
6,359
6,198

Monthly Monthly
Default
Prepay
Rate
Rate
0.01
0.01
0.01
0.01
0.01
0.01
0.01
0.01
0.01
0.01
0.01
0.01
0.01
0.01
0.01
0.01
0.01
0.01
0.01
0.01
0.01
0.01
0.01
0.01
0.01
0.01
0.01
0.01
0.01
0.01
0.01
0.01
0.01
0.01
0.01
0.01
0.01
0.01
0.01
0.01
0.01
0.01
0.01
0.01
0.01
0.01
0.01
0.01

0.01
0.01
0.01
0.01
0.01
0.01
0.01
0.01
0.01
0.01
0.01
0.01
0.01
0.01
0.01
0.01
0.01
0.01
0.01
0.01
0.01
0.01
0.01
0.01
0.01
0.01
0.01
0.01
0.01
0.01
0.01
0.01
0.01
0.01
0.01
0.01
0.01
0.01
0.01
0.01
0.01
0.01
0.01
0.01
0.01
0.01
0.01
0.01

Uniform Practices/Standard Formulas
