SF-28

Month

Recover after
Loss Severity

The Bond Market Association

02/01/99

All rights reserved. Reproduction in any form is strictly forbidden. © 1999 The Bond Market Association.

WAC
WAM


Standard Default Methodology

Cash Flow A

Principal and Interest Are Advanced
8.00%
360

Prepay Rate
Default Rate

1% SMM
1% MDR

Performing
Balance

New
Defaults

In
Foreclosure

Amort
Factor

289
290
291
292
293
294
295
296
297
298
299
300
301
302
303
304
305
306
307
308
309
310
311
312
313
314
315
316
317
318
319
320
321
322
323
324
325
326
327
328
329
330
331
332
333
334
335
336

120,583
116,864
113,238
109,701
106,252
102,889
99,610
96,413
93,296
90,258
87,296
84,409
81,595
78,852
76,180
73,575
71,037
68,565
66,155
63,808
61,522
59,295
57,126
55,014
52,957
50,954
49,004
47,105
45,257
43,457
41,706
40,002
38,343
36,730
35,160
33,632
32,147
30,701
29,296
27,929
26,601
25,309
24,053
22,833
21,646
20,494
19,374
18,286

1,244
1,206
1,169
1,132
1,097
1,063
1,029
996
964
933
903
873
844
816
789
762
736
710
686
662
638
615
593
571
550
530
510
490
471
453
435
417
400
383
367
352
336
321
307
293
279
266
253
241
228
216
205
194

16,541
16,031
15,533
15,048
14,575
14,114
13,664
13,225
12,798
12,381
11,975
11,579
11,193
10,816
10,450
10,093
9,744
9,405
9,075
8,753
8,439
8,134
7,836
7,546
7,264
6,989
6,722
6,462
6,208
5,961
5,721
5,487
5,260
5,038
4,823
4,613
4,410
4,211
4,019
3,831
3,649
3,472
3,299
3,132
2,969
2,811
2,658
2,508

0.4140
0.4094
0.4048
0.4001
0.3955
0.3908
0.3860
0.3813
0.3765
0.3716
0.3668
0.3619
0.3570
0.3520
0.3470
0.3420
0.3369
0.3318
0.3267
0.3215
0.3164
0.3111
0.3059
0.3006
0.2952
0.2899
0.2845
0.2790
0.2735
0.2680
0.2625
0.2569
0.2513
0.2456
0.2399
0.2342
0.2284
0.2226
0.2167
0.2108
0.2049
0.1989
0.1929
0.1869
0.1808
0.1746
0.1685
0.1622

12 months (time to liquidation)
20.00%

Amort
Expected
Voluntary
From
Amortization Prepayments Defaults
1,520
1,499
1,479
1,459
1,440
1,420
1,401
1,382
1,364
1,345
1,327
1,309
1,292
1,274
1,257
1,240
1,224
1,207
1,191
1,175
1,159
1,143
1,128
1,113
1,098
1,083
1,068
1,054
1,040
1,026
1,012
998
985
972
959
946
933
920
908
896
884
872
860
848
837
826
815
804

1,230
1,192
1,155
1,119
1,084
1,050
1,016
984
952
921
891
861
833
805
777
751
725
700
675
651
628
605
583
561
540
520
500
481
462
443
426
408
391
375
359
343
328
313
299
285
271
258
245
233
221
209
198
187

182
179
177
174
172
170
168
165
163
161
159
157
154
152
150
148
146
144
142
140
139
137
135
133
131
129
128
126
124
123
121
119
118
116
115
113
112
110
109
107
106
104
103
101
100
99
97
96

Actual
Amort

Expected
Interest

Interest
Lost

Actual
Interest

Principal
Recovery

Principal
Loss

1,338
1,320
1,302
1,285
1,268
1,251
1,234
1,217
1,201
1,185
1,169
1,153
1,137
1,122
1,107
1,092
1,077
1,063
1,048
1,034
1,020
1,007
993
980
967
954
941
928
916
903
891
879
867
856
844
833
821
810
799
789
778
768
757
747
737
727
717
708

943
914
886
858
832
806
780
755
731
707
684
662
640
619
598
578
558
539
520
502
484
466
450
433
417
401
386
372
357
343
329
316
303
291
278
267
255
244
233
222
212
202
192
182
173
164
155
147

122
118
115
111
108
104
101
98
95
92
89
86
83
80
77
75
72
70
67
65
63
60
58
56
54
52
50
48
46
44
43
41
39
38
36
34
33
32
30
29
27
26
25
24
22
21
20
19

821
796
771
747
724
701
679
657
636
616
596
576
557
539
520
503
486
469
453
437
421
406
391
377
363
350
336
323
311
299
287
275
264
253
242
232
222
212
203
193
184
176
167
159
151
143
135
128

1,229
1,190
1,153
1,116
1,081
1,046
1,012
979
947
916
886
856
827
799
771
744
718
693
668
644
620
597
575
553
532
512
492
472
453
435
417
399
382
366
349
334
319
304
289
275
262
248
236
223
211
199
188
177

357
346
336
327
317
308
299
290
281
273
265
257
249
241
234
226
219
213
206
199
193
187
181
175
169
163
158
152
147
142
137
132
128
123
119
114
110
106
102
98
94
91
87
83
80
77
73
70

Amortized
Default Bal Monthly Monthly
In Recovery Default
Prepay
Month
Rate
Rate
1,585
1,537
1,489
1,443
1,398
1,354
1,311
1,269
1,229
1,189
1,150
1,112
1,076
1,040
1,005
971
938
905
874
843
813
784
756
728
701
675
649
624
600
577
554
531
510
489
468
448
429
410
391
373
356
339
323
307
291
276
261
247

0.01
0.01
0.01
0.01
0.01
0.01
0.01
0.01
0.01
0.01
0.01
0.01
0.01
0.01
0.01
0.01
0.01
0.01
0.01
0.01
0.01
0.01
0.01
0.01
0.01
0.01
0.01
0.01
0.01
0.01
0.01
0.01
0.01
0.01
0.01
0.01
0.01
0.01
0.01
0.01
0.01
0.01
0.01
0.01
0.01
0.01
0.01
0.01

0.01
0.01
0.01
0.01
0.01
0.01
0.01
0.01
0.01
0.01
0.01
0.01
0.01
0.01
0.01
0.01
0.01
0.01
0.01
0.01
0.01
0.01
0.01
0.01
0.01
0.01
0.01
0.01
0.01
0.01
0.01
0.01
0.01
0.01
0.01
0.01
0.01
0.01
0.01
0.01
0.01
0.01
0.01
0.01
0.01
0.01
0.01
0.01

Uniform Practices/Standard Formulas
