SF-22


Standard Default Methodology

Cash Flow A

Principal and Interest Are Advanced
8.00%
360

Prepay Rate
Default Rate

1% SMM
1% MDR

New
Defaults

In
Foreclosure

Amort
Factor

1
2
3
4
5
6
7
8
9
10
11
12
13
14
15
16
17
18
19
20
21
22
23
24
25
26
27
28
29
30
31
32
33
34
35
36
37
38
39
40
41
42
43
44
45
46
47
48

100,000,000
97,934,244
95,910,689
93,928,478
91,986,774
90,084,753
88,221,612
86,396,561
84,608,828
82,857,654
81,142,299
79,462,034
77,816,148
76,203,943
74,624,734
73,077,852
71,562,639
70,078,454
68,624,665
67,200,655
65,805,819
64,439,565
63,101,310
61,790,487
60,506,537
59,248,915
58,017,084
56,810,522
55,628,712
54,471,153
53,337,352
52,226,823
51,139,095
50,073,703
49,030,193
48,008,119
47,007,045
46,026,543
45,066,195
44,125,591
43,204,327
42,302,010
41,418,255
40,552,682
39,704,922
38,874,612
38,061,395
37,264,924
36,484,857

1,000,000
979,342
959,107
939,285
919,868
900,848
882,216
863,966
846,088
828,577
811,423
794,620
778,161
762,039
746,247
730,779
715,626
700,785
686,247
672,007
658,058
644,396
631,013
617,905
605,065
592,489
580,171
568,105
556,287
544,712
533,374
522,268
511,391
500,737
490,302
480,081
470,070
460,265
450,662
441,256
432,043
423,020
414,183
405,527
397,049
388,746
380,614
372,649

999,329
1,977,334
2,934,442
3,871,069
4,787,627
5,684,515
6,562,127
7,420,848
8,261,054
9,083,115
9,887,394
10,674,244
10,453,093
10,236,469
10,024,279
9,816,434
9,612,844
9,413,424
9,218,089
9,026,756
8,839,343
8,655,771
8,475,962
8,299,839
8,127,328
7,958,355
7,792,847
7,630,735
7,471,950
7,316,424
7,164,089
7,014,883
6,868,740
6,725,599
6,585,399
6,448,079
6,313,581
6,181,847
6,052,822
5,926,450
5,802,677
5,681,450
5,562,717
5,446,428
5,332,532
5,220,981
5,111,727
5,004,723

1.0000
0.9993
0.9987
0.9980
0.9973
0.9966
0.9959
0.9952
0.9945
0.9938
0.9931
0.9924
0.9916
0.9909
0.9902
0.9895
0.9887
0.9880
0.9872
0.9865
0.9857
0.9849
0.9842
0.9834
0.9826
0.9818
0.9810
0.9802
0.9794
0.9786
0.9778
0.9770
0.9762
0.9753
0.9745
0.9736
0.9728
0.9719
0.9711
0.9702
0.9694
0.9685
0.9676
0.9667
0.9658
0.9649
0.9640
0.9631
0.9622

12 months (time to liquidation)
20.00%

Amort
Expected
Voluntary
From
Amortization Prepayments Defaults
67,098
66,870
66,649
66,436
66,231
66,032
65,841
65,658
65,481
65,312
65,149
64,994
64,118
63,255
62,403
61,563
60,734
59,916
59,109
58,313
57,528
56,753
55,989
55,235
54,491
53,757
53,033
52,319
51,614
50,919
50,234
49,557
48,890
48,231
47,582
46,941
46,309
45,685
45,070
44,463
43,864
43,274
42,691
42,116
41,549
40,989
40,437
39,893

999,329
978,680
958,454
938,641
919,232
900,221
881,598
863,355
845,486
827,983
810,837
794,042
777,591
761,477
745,692
730,231
715,086
700,252
685,721
671,488
657,547
643,891
630,515
617,414
604,581
592,011
579,699
567,640
555,828
544,259
532,927
521,828
510,956
500,308
489,879
479,664
469,659
459,859
450,261
440,860
431,653
422,635
413,803
405,152
396,680
388,382
380,254
372,294

671
1,337
1,999
2,657
3,310
3,959
4,604
5,245
5,882
6,515
7,145
7,770
7,666
7,562
7,460
7,360
7,261
7,163
7,067
6,971
6,878
6,785
6,694
6,603
6,515
6,427
6,340
6,255
6,171
6,088
6,006
5,925
5,845
5,766
5,689
5,612
5,536
5,462
5,388
5,316
5,244
5,174
5,104
5,035
4,967
4,900
4,834
4,769

Actual
Amort

Expected
Interest

Interest
Lost

Actual
Interest

66,427
65,532
64,650
63,779
62,920
62,073
61,237
60,412
59,599
58,796
58,005
57,223
56,453
55,693
54,943
54,203
53,473
52,753
52,042
51,341
50,650
49,968
49,295
48,631
47,976
47,330
46,693
46,064
45,444
44,832
44,228
43,632
43,045
42,465
41,893
41,329
40,773
40,223
39,682
39,147
38,620
38,100
37,587
37,081
36,582
36,089
35,603
35,123

666,667
659,557
652,587
645,753
639,052
632,483
626,041
619,725
613,531
607,458
601,503
595,663
589,936
577,714
565,741
554,014
542,527
531,275
520,254
509,458
498,884
488,526
478,381
468,443
458,709
449,175
439,836
430,689
421,730
412,954
404,359
395,939
387,693
379,616
371,705
363,957
356,367
348,934
341,654
334,523
327,539
320,698
313,998
307,436
301,009
294,714
288,549
282,511

6,667
13,191
19,576
25,825
31,940
37,923
43,778
49,507
55,113
60,598
65,964
71,213
76,349
74,768
73,218
71,700
70,214
68,758
67,331
65,934
64,565
63,225
61,912
60,626
59,366
58,132
56,924
55,740
54,580
53,444
52,332
51,242
50,175
49,130
48,106
47,103
46,121
45,159
44,217
43,294
42,390
41,505
40,638
39,788
38,957
38,142
37,344
36,563

660,000
646,366
633,011
619,928
607,113
594,559
582,263
570,217
558,418
546,861
535,539
524,449
513,587
502,946
492,523
482,314
472,313
462,518
452,923
443,524
434,318
425,301
416,469
407,817
399,343
391,043
382,913
374,949
367,150
359,510
352,027
344,697
337,518
330,486
323,599
316,854
310,246
303,775
297,437
291,229
285,149
279,193
273,360
267,648
262,052
256,572
251,205
245,948

Principal
Recovery

791,646
775,233
759,155
743,407
727,982
712,872
698,072
683,575
669,376
655,467
641,844
628,500
615,430
602,628
590,088
577,806
565,777
553,994
542,453
531,149
520,077
509,233
498,611
488,208
478,019
468,039
458,265
448,691
439,315
430,131
421,137
412,328
403,700
395,249
386,973
378,868

Principal
Loss

200,000
195,868
191,821
187,857
183,974
180,170
176,443
172,793
169,218
165,715
162,285
158,924
155,632
152,408
149,249
146,156
143,125
140,157
137,249
134,401
131,612
128,879
126,203
123,581
121,013
118,498
116,034
113,621
111,257
108,942
106,675
104,454
102,278
100,147
98,060
96,016

Amortized
Default Bal
In Recovery
Month

Monthly
Default
Rate

Monthly
Prepay
Rate

991,646
971,101
950,977
931,264
911,955
893,041
874,515
856,368
838,593
821,183
804,129
787,424
771,062
755,036
739,338
723,962
708,902
694,151
679,702
665,550
651,689
638,112
624,814
611,789
599,032
586,537
574,299
562,312
550,572
539,074
527,812
516,781
505,978
495,397
485,034
474,884

0.01
0.01
0.01
0.01
0.01
0.01
0.01
0.01
0.01
0.01
0.01
0.01
0.01
0.01
0.01
0.01
0.01
0.01
0.01
0.01
0.01
0.01
0.01
0.01
0.01
0.01
0.01
0.01
0.01
0.01
0.01
0.01
0.01
0.01
0.01
0.01
0.01
0.01
0.01
0.01
0.01
0.01
0.01
0.01
0.01
0.01
0.01
0.01

0.01
0.01
0.01
0.01
0.01
0.01
0.01
0.01
0.01
0.01
0.01
0.01
0.01
0.01
0.01
0.01
0.01
0.01
0.01
0.01
0.01
0.01
0.01
0.01
0.01
0.01
0.01
0.01
0.01
0.01
0.01
0.01
0.01
0.01
0.01
0.01
0.01
0.01
0.01
0.01
0.01
0.01
0.01
0.01
0.01
0.01
0.01
0.01

Uniform Practices/Standard Formulas
