SF-23

Month

Performing
Balance

Recover after
Loss Severity

The Bond Market Association

02/01/99

All rights reserved. Reproduction in any form is strictly forbidden. © 1999 The Bond Market Association.

WAC
WAM


Standard Default Methodology

Cash Flow A

Principal and Interest Are Advanced
8.00%
360

Prepay Rate
Default Rate

1% SMM
1% MDR

New
Defaults

In
Foreclosure

Amort
Factor

49
50
51
52
53
54
55
56
57
58
59
60
61
62
63
64
65
66
67
68
69
70
71
72
73
74
75
76
77
78
79
80
81
82
83
84
85
86
87
88
89
90
91
92
93
94
95
96

35,720,859
34,972,604
34,239,769
33,522,040
32,819,109
32,130,675
31,456,441
30,796,117
30,149,420
29,516,072
28,895,799
28,288,335
27,693,418
27,110,792
26,540,206
25,981,413
25,434,174
24,898,251
24,373,413
23,859,434
23,356,091
22,863,168
22,380,450
21,907,730
21,444,802
20,991,467
20,547,527
20,112,790
19,687,069
19,270,178
18,861,937
18,462,168
18,070,698
17,687,357
17,311,977
16,944,397
16,584,456
16,231,997
15,886,866
15,548,915
15,217,994
14,893,961
14,576,673
14,265,993
13,961,783
13,663,913
13,372,250
13,086,669

364,849
357,209
349,726
342,398
335,220
328,191
321,307
314,564
307,961
301,494
295,161
288,958
282,883
276,934
271,108
265,402
259,814
254,342
248,983
243,734
238,594
233,561
228,632
223,805
219,077
214,448
209,915
205,475
201,128
196,871
192,702
188,619
184,622
180,707
176,874
173,120
169,444
165,845
162,320
158,869
155,489
152,180
148,940
145,767
142,660
139,618
136,639
133,723

4,899,923
4,797,283
4,696,758
4,598,306
4,501,883
4,407,448
4,314,962
4,224,384
4,135,675
4,048,796
3,963,712
3,880,385
3,798,778
3,718,858
3,640,589
3,563,938
3,488,872
3,415,358
3,343,365
3,272,861
3,203,816
3,136,200
3,069,985
3,005,140
2,941,639
2,879,454
2,818,558
2,758,924
2,700,527
2,643,341
2,587,341
2,532,504
2,478,805
2,426,221
2,374,729
2,324,307
2,274,933
2,226,585
2,179,243
2,132,885
2,087,492
2,043,043
1,999,520
1,956,903
1,915,174
1,874,315
1,834,306
1,795,132

0.9613
0.9603
0.9594
0.9585
0.9575
0.9566
0.9556
0.9546
0.9537
0.9527
0.9517
0.9507
0.9497
0.9487
0.9477
0.9467
0.9456
0.9446
0.9436
0.9425
0.9415
0.9404
0.9393
0.9383
0.9372
0.9361
0.9350
0.9339
0.9328
0.9316
0.9305
0.9294
0.9282
0.9271
0.9259
0.9248
0.9236
0.9224
0.9212
0.9200
0.9188
0.9176
0.9164
0.9152
0.9139
0.9127
0.9114
0.9102

12 months (time to liquidation)
20.00%

Amort
Expected
Voluntary
From
Amortization Prepayments Defaults
39,356
38,826
38,303
37,787
37,278
36,776
36,281
35,792
35,310
34,835
34,366
33,903
33,446
32,996
32,551
32,113
31,681
31,254
30,833
30,418
30,008
29,604
29,205
28,812
28,424
28,041
27,664
27,291
26,924
26,561
26,203
25,851
25,502
25,159
24,820
24,486
24,156
23,831
23,510
23,193
22,881
22,573
22,269
21,969
21,673
21,381
21,093
20,809

364,499
356,863
349,385
342,062
334,889
327,864
320,984
314,246
307,647
301,184
294,855
288,656
282,586
276,641
270,818
265,116
259,532
254,064
248,708
243,464
238,327
233,298
228,372
223,548
218,825
214,199
209,669
205,233
200,888
196,634
192,469
188,389
184,395
180,483
176,653
172,902
169,229
165,633
162,111
158,662
155,286
151,979
148,742
145,571
142,467
139,428
136,452
133,537

4,705
4,642
4,579
4,518
4,457
4,397
4,337
4,279
4,221
4,165
4,109
4,053
3,999
3,945
3,892
3,839
3,788
3,737
3,686
3,637
3,588
3,539
3,492
3,445
3,398
3,352
3,307
3,263
3,219
3,175
3,133
3,091
3,049
3,008
2,967
2,927
2,888
2,849
2,811
2,773
2,736
2,699
2,662
2,626
2,591
2,556
2,522
2,488

Actual
Amort

Expected
Interest

Interest
Lost

Actual
Interest

Principal
Recovery

Principal
Loss

Amortized
Default Bal
In Recovery
Month

34,650
34,184
33,723
33,269
32,821
32,379
31,943
31,513
31,089
30,670
30,257
29,850
29,448
29,051
28,660
28,274
27,893
27,517
27,147
26,781
26,421
26,065
25,714
25,368
25,026
24,689
24,356
24,028
23,705
23,386
23,071
22,760
22,454
22,151
21,853
21,559
21,268
20,982
20,699
20,421
20,146
19,874
19,607
19,343
19,082
18,825
18,572
18,322

276,597
270,805
265,133
259,577
254,136
248,807
243,587
238,476
233,470
228,567
223,766
219,063
214,458
209,948
205,531
201,205
196,969
192,820
188,757
184,779
180,882
177,066
173,329
169,670
166,086
162,576
159,139
155,774
152,478
149,251
146,090
142,995
139,964
136,997
134,091
131,245
128,458
125,729
123,057
120,441
117,879
115,370
112,913
110,508
108,153
105,846
103,588
101,377

35,797
35,048
34,313
33,594
32,890
32,200
31,525
30,864
30,216
29,581
28,960
28,351
27,755
27,171
26,600
26,040
25,492
24,955
24,429
23,914
23,410
22,916
22,432
21,959
21,495
21,041
20,596
20,160
19,734
19,316
18,907
18,506
18,114
17,730
17,354
16,986
16,625
16,272
15,926
15,587
15,256
14,931
14,613
14,302
13,997
13,699
13,406
13,120

240,800
235,758
230,819
225,982
221,245
216,606
212,062
207,613
203,254
198,986
194,806
190,712
186,703
182,777
178,931
175,165
171,477
167,866
164,328
160,865
157,472
154,150
150,897
147,711
144,591
141,536
138,544
135,614
132,744
129,935
127,183
124,489
121,850
119,267
116,737
114,259
111,833
109,457
107,131
104,853
102,623
100,439
98,300
96,206
94,156
92,148
90,182
88,257

370,929
363,154
355,539
348,082
340,778
333,625
326,619
319,758
313,039
306,458
300,014
293,702
287,521
281,468
275,540
269,734
264,049
258,481
253,028
247,689
242,459
237,338
232,324
227,413
222,603
217,894
213,282
208,766
204,344
200,013
195,772
191,619
187,553
183,571
179,672
175,853
172,115
168,454
164,869
161,358
157,921
154,556
151,260
148,033
144,874
141,780
138,751
135,785

94,014
92,053
90,132
88,251
86,409
84,604
82,837
81,105
79,410
77,749
76,123
74,530
72,970
71,442
69,945
68,480
67,044
65,638
64,261
62,913
61,592
60,299
59,032
57,792
56,577
55,387
54,222
53,080
51,963
50,868
49,797
48,747
47,719
46,712
45,726
44,761
43,815
42,890
41,983
41,095
40,226
39,374
38,540
37,724
36,924
36,141
35,375
34,624

464,943
455,207
445,672
436,333
427,187
418,229
409,456
400,864
392,449
384,208
376,137
368,232
360,491
352,910
345,485
338,214
331,093
324,119
317,290
310,601
304,052
297,637
291,356
285,204
279,180
273,281
267,504
261,846
256,306
250,881
245,569
240,366
235,272
230,283
225,398
220,614
215,930
211,343
206,852
202,454
198,147
193,930
189,800
185,757
181,798
177,921
174,125
170,409

Monthly
Default
Rate

Monthly
Prepay
Rate

0.01
0.01
0.01
0.01
0.01
0.01
0.01
0.01
0.01
0.01
0.01
0.01
0.01
0.01
0.01
0.01
0.01
0.01
0.01
0.01
0.01
0.01
0.01
0.01
0.01
0.01
0.01
0.01
0.01
0.01
0.01
0.01
0.01
0.01
0.01
0.01
0.01
0.01
0.01
0.01
0.01
0.01
0.01
0.01
0.01
0.01
0.01
0.01

0.01
0.01
0.01
0.01
0.01
0.01
0.01
0.01
0.01
0.01
0.01
0.01
0.01
0.01
0.01
0.01
0.01
0.01
0.01
0.01
0.01
0.01
0.01
0.01
0.01
0.01
0.01
0.01
0.01
0.01
0.01
0.01
0.01
0.01
0.01
0.01
0.01
0.01
0.01
0.01
0.01
0.01
0.01
0.01
0.01
0.01
0.01
0.01

Uniform Practices/Standard Formulas
