SF-25

Month

Performing
Balance

Recover after
Loss Severity

The Bond Market Association

02/01/99

All rights reserved. Reproduction in any form is strictly forbidden. © 1999 The Bond Market Association.

WAC
WAM


Standard Default Methodology

Cash Flow A

Principal and Interest Are Advanced
8.00%
360

Prepay Rate
Default Rate

1% SMM
1% MDR

New
Defaults

In
Foreclosure

Amort
Factor

145
146
147
148
149
150
151
152
153
154
155
156
157
158
159
160
161
162
163
164
165
166
167
168
169
170
171
172
173
174
175
176
177
178
179
180
181
182
183
184
185
186
187
188
189
190
191
192

4,471,391
4,372,756
4,276,217
4,181,732
4,089,257
3,998,750
3,910,171
3,823,479
3,738,636
3,655,602
3,574,340
3,494,814
3,416,986
3,340,821
3,266,285
3,193,344
3,121,964
3,052,112
2,983,758
2,916,869
2,851,415
2,787,367
2,724,693
2,663,366
2,603,358
2,544,641
2,487,188
2,430,972
2,375,968
2,322,149
2,269,492
2,217,972
2,167,564
2,118,247
2,069,996
2,022,789
1,976,604
1,931,421
1,887,217
1,843,972
1,801,667
1,760,280
1,719,793
1,680,188
1,641,444
1,603,545
1,566,471
1,530,207

45,722
44,714
43,728
42,762
41,817
40,893
39,987
39,102
38,235
37,386
36,556
35,743
34,948
34,170
33,408
32,663
31,933
31,220
30,521
29,838
29,169
28,514
27,874
27,247
26,634
26,034
25,446
24,872
24,310
23,760
23,221
22,695
22,180
21,676
21,182
20,700
20,228
19,766
19,314
18,872
18,440
18,017
17,603
17,198
16,802
16,414
16,035
15,665

613,352
599,822
586,580
573,619
560,934
548,519
536,368
524,477
512,838
501,448
490,302
479,393
468,717
458,269
448,045
438,039
428,248
418,666
409,290
400,115
391,136
382,350
373,753
365,341
357,109
349,055
341,174
333,463
325,918
318,535
311,312
304,245
297,330
290,565
283,947
277,471
271,136
264,938
258,874
252,942
247,139
241,462
235,909
230,476
225,161
219,962
214,877
209,902

0.8369
0.8351
0.8333
0.8316
0.8298
0.8280
0.8261
0.8243
0.8225
0.8206
0.8188
0.8169
0.8150
0.8131
0.8112
0.8092
0.8073
0.8053
0.8034
0.8014
0.7994
0.7974
0.7954
0.7933
0.7913
0.7892
0.7871
0.7850
0.7829
0.7808
0.7787
0.7765
0.7744
0.7722
0.7700
0.7678
0.7656
0.7634
0.7611
0.7589
0.7566
0.7543
0.7520
0.7496
0.7473
0.7449
0.7426
0.7402

12 months (time to liquidation)
20.00%

Amort
Expected
Voluntary
From
Amortization Prepayments Defaults
10,709
10,564
10,422
10,282
10,143
10,007
9,872
9,739
9,608
9,479
9,351
9,225
9,101
8,978
8,857
8,738
8,620
8,504
8,390
8,277
8,165
8,055
7,947
7,840
7,734
7,630
7,527
7,426
7,326
7,227
7,130
7,034
6,939
6,846
6,754
6,663
6,573
6,484
6,397
6,311
6,226
6,142
6,059
5,978
5,897
5,818
5,740
5,662

45,626
44,620
43,635
42,671
41,727
40,804
39,900
39,015
38,149
37,302
36,473
35,661
34,867
34,090
33,329
32,585
31,857
31,144
30,447
29,764
29,096
28,443
27,803
27,177
26,565
25,966
25,379
24,806
24,245
23,695
23,158
22,632
22,118
21,615
21,122
20,641
20,169
19,708
19,257
18,816
18,384
17,962
17,549
17,145
16,749
16,363
15,984
15,614

1,280
1,263
1,246
1,229
1,213
1,196
1,180
1,164
1,149
1,133
1,118
1,103
1,088
1,073
1,059
1,045
1,031
1,017
1,003
990
976
963
950
937
925
912
900
888
876
864
852
841
830
818
807
797
786
775
765
754
744
734
724
715
705
696
686
677

Actual
Amort

Expected
Interest

Interest
Lost

Actual
Interest

Principal
Recovery

Principal
Loss

Amortized
Default Bal
In Recovery
Month

9,428
9,301
9,176
9,053
8,931
8,810
8,692
8,575
8,459
8,345
8,233
8,122
8,013
7,905
7,798
7,693
7,590
7,488
7,387
7,287
7,189
7,092
6,997
6,903
6,810
6,718
6,627
6,538
6,450
6,363
6,278
6,193
6,110
6,027
5,946
5,866
5,787
5,709
5,632
5,556
5,482
5,408
5,335
5,263
5,192
5,122
5,053
4,985

34,662
33,898
33,151
32,419
31,702
31,001
30,315
29,644
28,986
28,343
27,714
27,098
26,495
25,905
25,327
24,762
24,209
23,668
23,139
22,620
22,113
21,617
21,131
20,656
20,191
19,736
19,291
18,856
18,430
18,013
17,605
17,205
16,815
16,433
16,059
15,693
15,335
14,985
14,642
14,307
13,979
13,659
13,345
13,038
12,738
12,444
12,157
11,876

4,486
4,387
4,290
4,196
4,103
4,012
3,923
3,836
3,751
3,668
3,587
3,507
3,429
3,353
3,278
3,205
3,133
3,063
2,995
2,928
2,862
2,798
2,735
2,673
2,613
2,554
2,497
2,440
2,385
2,331
2,278
2,227
2,176
2,127
2,078
2,031
1,985
1,939
1,895
1,852
1,809
1,768
1,727
1,687
1,649
1,611
1,573
1,537

30,176
29,511
28,860
28,223
27,599
26,989
26,392
25,807
25,235
24,675
24,127
23,591
23,066
22,552
22,049
21,557
21,076
20,605
20,144
19,693
19,251
18,819
18,397
17,983
17,578
17,182
16,795
16,415
16,044
15,681
15,326
14,979
14,639
14,306
13,980
13,662
13,350
13,046
12,747
12,456
12,170
11,891
11,618
11,351
11,089
10,834
10,583
10,339

46,333
45,309
44,308
43,327
42,367
41,428
40,509
39,609
38,729
37,868
37,024
36,199
35,392
34,601
33,828
33,071
32,331
31,606
30,897
30,203
29,524
28,860
28,209
27,573
26,951
26,342
25,746
25,163
24,592
24,034
23,488
22,954
22,431
21,919
21,419
20,930
20,451
19,982
19,524
19,075
18,637
18,208
17,788
17,377
16,975
16,583
16,198
15,822

11,932
11,671
11,416
11,167
10,922
10,683
10,449
10,220
9,995
9,776
9,561
9,350
9,144
8,943
8,746
8,552
8,363
8,179
7,997
7,820
7,647
7,477
7,311
7,149
6,990
6,834
6,682
6,533
6,387
6,244
6,104
5,968
5,834
5,703
5,575
5,449
5,327
5,207
5,089
4,974
4,862
4,752
4,644
4,539
4,436
4,335
4,236
4,140

58,265
56,981
55,724
54,494
53,290
52,111
50,958
49,829
48,724
47,643
46,585
45,549
44,536
43,544
42,574
41,624
40,694
39,785
38,894
38,023
37,171
36,337
35,521
34,722
33,940
33,176
32,428
31,695
30,979
30,278
29,592
28,921
28,265
27,622
26,994
26,379
25,777
25,189
24,613
24,050
23,499
22,959
22,432
21,916
21,411
20,918
20,435
19,962

Monthly Monthly
Default
Prepay
Rate
Rate
0.01
0.01
0.01
0.01
0.01
0.01
0.01
0.01
0.01
0.01
0.01
0.01
0.01
0.01
0.01
0.01
0.01
0.01
0.01
0.01
0.01
0.01
0.01
0.01
0.01
0.01
0.01
0.01
0.01
0.01
0.01
0.01
0.01
0.01
0.01
0.01
0.01
0.01
0.01
0.01
0.01
0.01
0.01
0.01
0.01
0.01
0.01
0.01

0.01
0.01
0.01
0.01
0.01
0.01
0.01
0.01
0.01
0.01
0.01
0.01
0.01
0.01
0.01
0.01
0.01
0.01
0.01
0.01
0.01
0.01
0.01
0.01
0.01
0.01
0.01
0.01
0.01
0.01
0.01
0.01
0.01
0.01
0.01
0.01
0.01
0.01
0.01
0.01
0.01
0.01
0.01
0.01
0.01
0.01
0.01
0.01

Uniform Practices/Standard Formulas
