SF-27

Month

Performing
Balance

Recover after
Loss Severity

The Bond Market Association

02/01/99

All rights reserved. Reproduction in any form is strictly forbidden. © 1999 The Bond Market Association.

WAC
WAM


Standard Default Methodology

Cash Flow A

Principal and Interest Are Advanced
8.00%
360

Prepay Rate
Default Rate

1% SMM
1% MDR

Performing
Balance

New
Defaults

In
Foreclosure

Amort
Factor

241
242
243
244
245
246
247
248
249
250
251
252
253
254
255
256
257
258
259
260
261
262
263
264
265
266
267
268
269
270
271
272
273
274
275
276
277
278
279
280
281
282
283
284
285
286
287
288

462,063
450,316
438,838
427,623
416,665
405,959
395,498
385,279
375,295
365,541
356,013
346,705
337,612
328,731
320,056
311,582
303,307
295,224
287,330
279,620
272,091
264,739
257,560
250,549
243,704
237,021
230,495
224,124
217,904
211,832
205,905
200,119
194,471
188,958
183,577
178,325
173,200
168,198
163,317
158,554
153,907
149,372
144,948
140,631
136,420
132,312
128,304
124,395

4,741
4,621
4,503
4,388
4,276
4,167
4,060
3,955
3,853
3,753
3,655
3,560
3,467
3,376
3,287
3,201
3,116
3,033
2,952
2,873
2,796
2,721
2,647
2,576
2,505
2,437
2,370
2,305
2,241
2,179
2,118
2,059
2,001
1,945
1,890
1,836
1,783
1,732
1,682
1,633
1,586
1,539
1,494
1,449
1,406
1,364
1,323
1,283

63,382
61,771
60,197
58,658
57,155
55,686
54,252
52,850
51,480
50,142
48,835
47,558
46,311
45,093
43,903
42,741
41,605
40,497
39,414
38,356
37,323
36,315
35,330
34,369
33,430
32,513
31,618
30,744
29,891
29,058
28,244
27,451
26,676
25,920
25,182
24,461
23,758
23,072
22,403
21,749
21,112
20,490
19,883
19,291
18,713
18,150
17,600
17,064

0.6015
0.5981
0.5948
0.5914
0.5880
0.5846
0.5812
0.5777
0.5742
0.5707
0.5672
0.5636
0.5600
0.5564
0.5528
0.5492
0.5455
0.5418
0.5381
0.5343
0.5305
0.5267
0.5229
0.5191
0.5152
0.5113
0.5073
0.5034
0.4994
0.4954
0.4914
0.4873
0.4832
0.4791
0.4749
0.4708
0.4666
0.4624
0.4581
0.4538
0.4495
0.4452
0.4408
0.4364
0.4320
0.4275
0.4230
0.4185

12 months (time to liquidation)
20.00%

Amort
Expected
Voluntary
From
Amortization Prepayments Defaults
2,914
2,875
2,836
2,798
2,760
2,723
2,686
2,650
2,614
2,579
2,544
2,510
2,476
2,443
2,410
2,378
2,346
2,314
2,283
2,252
2,222
2,192
2,162
2,133
2,104
2,076
2,048
2,021
1,993
1,967
1,940
1,914
1,888
1,863
1,838
1,813
1,788
1,764
1,741
1,717
1,694
1,671
1,649
1,627
1,605
1,583
1,562
1,541

4,715
4,595
4,478
4,364
4,252
4,142
4,036
3,931
3,830
3,730
3,633
3,538
3,445
3,354
3,266
3,179
3,095
3,012
2,932
2,853
2,776
2,701
2,628
2,557
2,487
2,419
2,352
2,287
2,224
2,162
2,101
2,042
1,984
1,928
1,873
1,820
1,767
1,716
1,667
1,618
1,570
1,524
1,479
1,435
1,392
1,350
1,309
1,269

348
344
339
334
330
326
321
317
313
308
304
300
296
292
288
284
280
277
273
269
266
262
259
255
252
248
245
242
238
235
232
229
226
223
220
217
214
211
208
205
203
200
197
194
192
189
187
184

Actual
Amort

Expected
Interest

Interest
Lost

Actual
Interest

Principal
Recovery

Principal
Loss

2,565
2,531
2,497
2,463
2,430
2,397
2,365
2,333
2,302
2,271
2,240
2,210
2,180
2,151
2,122
2,093
2,065
2,037
2,010
1,983
1,956
1,930
1,904
1,878
1,853
1,828
1,803
1,779
1,755
1,731
1,708
1,685
1,662
1,640
1,618
1,596
1,575
1,553
1,533
1,512
1,492
1,471
1,452
1,432
1,413
1,394
1,375
1,357

3,594
3,503
3,414
3,327
3,242
3,159
3,078
2,998
2,921
2,845
2,771
2,699
2,628
2,559
2,492
2,426
2,362
2,299
2,238
2,178
2,120
2,063
2,007
1,953
1,899
1,848
1,797
1,747
1,699
1,652
1,606
1,561
1,517
1,474
1,433
1,392
1,352
1,313
1,275
1,238
1,202
1,167
1,132
1,099
1,066
1,034
1,003
973

465
453
442
431
420
409
398
388
378
368
359
349
340
331
323
314
306
298
290
282
274
267
260
253
246
239
233
226
220
214
208
202
196
191
185
180
175
170
165
160
156
151
147
142
138
134
130
126

3,129
3,050
2,972
2,896
2,822
2,750
2,679
2,610
2,543
2,477
2,413
2,350
2,288
2,228
2,170
2,112
2,056
2,002
1,948
1,896
1,845
1,796
1,747
1,700
1,654
1,608
1,564
1,521
1,479
1,438
1,398
1,359
1,321
1,284
1,247
1,212
1,177
1,143
1,110
1,078
1,046
1,016
986
957
928
900
873
847

4,757
4,636
4,517
4,401
4,288
4,177
4,069
3,963
3,860
3,759
3,660
3,564
3,470
3,378
3,289
3,201
3,115
3,032
2,950
2,871
2,793
2,717
2,643
2,570
2,499
2,430
2,363
2,297
2,233
2,170
2,109
2,049
1,991
1,934
1,878
1,824
1,771
1,720
1,669
1,620
1,572
1,525
1,480
1,435
1,392
1,350
1,308
1,268

1,284
1,253
1,222
1,191
1,162
1,133
1,105
1,077
1,050
1,024
998
973
948
924
901
878
855
833
812
791
771
751
731
712
693
675
657
640
623
607
590
575
559
544
529
515
501
487
474
461
448
436
424
412
400
389
378
367

Amortized
Default Bal Monthly Monthly
In Recovery Default
Prepay
Month
Rate
Rate
6,041
5,888
5,739
5,592
5,449
5,310
5,173
5,040
4,910
4,783
4,658
4,537
4,418
4,302
4,189
4,079
3,971
3,865
3,762
3,662
3,563
3,467
3,374
3,282
3,193
3,106
3,020
2,937
2,856
2,777
2,699
2,624
2,550
2,478
2,408
2,339
2,272
2,207
2,143
2,081
2,021
1,961
1,904
1,847
1,792
1,738
1,686
1,635

0.01
0.01
0.01
0.01
0.01
0.01
0.01
0.01
0.01
0.01
0.01
0.01
0.01
0.01
0.01
0.01
0.01
0.01
0.01
0.01
0.01
0.01
0.01
0.01
0.01
0.01
0.01
0.01
0.01
0.01
0.01
0.01
0.01
0.01
0.01
0.01
0.01
0.01
0.01
0.01
0.01
0.01
0.01
0.01
0.01
0.01
0.01
0.01

0.01
0.01
0.01
0.01
0.01
0.01
0.01
0.01
0.01
0.01
0.01
0.01
0.01
0.01
0.01
0.01
0.01
0.01
0.01
0.01
0.01
0.01
0.01
0.01
0.01
0.01
0.01
0.01
0.01
0.01
0.01
0.01
0.01
0.01
0.01
0.01
0.01
0.01
0.01
0.01
0.01
0.01
0.01
0.01
0.01
0.01
0.01
0.01

Uniform Practices/Standard Formulas
