SF-24

Month

Performing
Balance

Recover after
Loss Severity

The Bond Market Association

02/01/99

All rights reserved. Reproduction in any form is strictly forbidden. © 1999 The Bond Market Association.

WAC
WAM


Standard Default Methodology

Cash Flow A

Principal and Interest Are Advanced
8.00%
360

Prepay Rate
Default Rate

1% SMM
1% MDR

New
Defaults

In
Foreclosure

Amort
Factor

97
98
99
100
101
102
103
104
105
106
107
108
109
110
111
112
113
114
115
116
117
118
119
120
121
122
123
124
125
126
127
128
129
130
131
132
133
134
135
136
137
138
139
140
141
142
143
144

12,807,043
12,533,251
12,265,173
12,002,690
11,745,689
11,494,055
11,247,680
11,006,454
10,770,272
10,539,029
10,312,625
10,090,960
9,873,935
9,661,455
9,453,427
9,249,759
9,050,361
8,855,145
8,664,024
8,476,915
8,293,734
8,114,400
7,938,834
7,766,959
7,598,697
7,433,975
7,272,718
7,114,856
6,960,319
6,809,037
6,660,943
6,515,972
6,374,058
6,235,139
6,099,152
5,966,037
5,835,734
5,708,185
5,583,333
5,461,122
5,341,497
5,224,405
5,109,793
4,997,609
4,887,804
4,780,327
4,675,131
4,572,168

130,867
128,070
125,333
122,652
120,027
117,457
114,941
112,477
110,065
107,703
105,390
103,126
100,910
98,739
96,615
94,534
92,498
90,504
88,551
86,640
84,769
82,937
81,144
79,388
77,670
75,987
74,340
72,727
71,149
69,603
68,090
66,609
65,160
63,741
62,351
60,992
59,660
58,357
57,082
55,833
54,611
53,415
52,244
51,098
49,976
48,878
47,803
46,751

1,756,776
1,719,219
1,682,446
1,646,440
1,611,187
1,576,670
1,542,874
1,509,784
1,477,386
1,445,666
1,414,610
1,384,203
1,354,433
1,325,287
1,296,751
1,268,814
1,241,462
1,214,683
1,188,467
1,162,800
1,137,673
1,113,073
1,088,991
1,065,414
1,042,333
1,019,738
997,618
975,963
954,765
934,013
913,699
893,813
874,346
855,290
836,637
818,377
800,503
783,007
765,880
749,116
732,707
716,645
700,924
685,535
670,473
655,730
641,300
627,176

0.9089
0.9076
0.9063
0.9050
0.9037
0.9024
0.9011
0.8998
0.8984
0.8971
0.8957
0.8944
0.8930
0.8916
0.8902
0.8888
0.8874
0.8860
0.8845
0.8831
0.8817
0.8802
0.8787
0.8772
0.8758
0.8743
0.8727
0.8712
0.8697
0.8682
0.8666
0.8651
0.8635
0.8619
0.8603
0.8587
0.8571
0.8555
0.8538
0.8522
0.8505
0.8489
0.8472
0.8455
0.8438
0.8421
0.8404
0.8386

12 months (time to liquidation)
20.00%

Amort
Expected
Voluntary
From
Amortization Prepayments Defaults
20,529
20,253
19,980
19,711
19,445
19,184
18,925
18,670
18,419
18,171
17,926
17,685
17,447
17,212
16,980
16,751
16,526
16,303
16,084
15,867
15,653
15,442
15,235
15,029
14,827
14,627
14,430
14,236
14,044
13,855
13,669
13,485
13,303
13,124
12,947
12,773
12,601
12,431
12,264
12,098
11,936
11,775
11,616
11,460
11,305
11,153
11,003
10,855

130,684
127,890
125,155
122,476
119,854
117,286
114,772
112,311
109,901
107,541
105,231
102,969
100,754
98,586
96,464
94,385
92,351
90,359
88,408
86,499
84,630
82,800
81,009
79,255
77,538
75,857
74,211
72,601
71,024
69,480
67,969
66,490
65,041
63,624
62,236
60,878
59,548
58,247
56,973
55,726
54,505
53,310
52,141
50,996
49,876
48,779
47,705
46,655

2,454
2,421
2,389
2,356
2,325
2,293
2,263
2,232
2,202
2,172
2,143
2,114
2,086
2,058
2,030
2,003
1,976
1,949
1,923
1,897
1,871
1,846
1,821
1,797
1,773
1,749
1,725
1,702
1,679
1,656
1,634
1,612
1,590
1,569
1,548
1,527
1,506
1,486
1,466
1,446
1,427
1,408
1,389
1,370
1,352
1,333
1,315
1,298

Actual
Amort

Expected
Interest

Interest
Lost

Actual
Interest

Principal
Recovery

Principal
Loss

Amortized
Default Bal
In Recovery
Month

18,075
17,831
17,591
17,354
17,121
16,890
16,663
16,438
16,217
15,999
15,783
15,571
15,361
15,154
14,950
14,749
14,550
14,354
14,161
13,970
13,782
13,596
13,413
13,233
13,054
12,879
12,705
12,534
12,365
12,199
12,034
11,872
11,713
11,555
11,399
11,246
11,094
10,945
10,797
10,652
10,509
10,367
10,227
10,090
9,954
9,820
9,688
9,557

99,212
97,092
95,016
92,984
90,994
89,046
87,138
85,270
83,442
81,651
79,898
78,182
76,501
74,856
73,245
71,668
70,124
68,612
67,132
65,683
64,265
62,876
61,516
60,185
58,882
57,607
56,358
55,136
53,939
52,767
51,620
50,498
49,399
48,323
47,270
46,239
45,229
44,242
43,275
42,328
41,402
40,495
39,607
38,738
37,888
37,055
36,240
35,443

12,840
12,566
12,297
12,034
11,776
11,524
11,277
11,036
10,799
10,567
10,340
10,118
9,901
9,688
9,479
9,275
9,075
8,880
8,688
8,501
8,317
8,137
7,961
7,789
7,621
7,455
7,294
7,136
6,981
6,829
6,681
6,535
6,393
6,254
6,118
5,984
5,854
5,726
5,601
5,478
5,358
5,241
5,126
5,013
4,903
4,796
4,690
4,587

86,372
84,526
82,719
80,950
79,218
77,522
75,861
74,235
72,643
71,084
69,558
68,063
66,600
65,168
63,766
62,393
61,048
59,732
58,444
57,183
55,948
54,739
53,555
52,396
51,262
50,151
49,064
48,000
46,958
45,938
44,940
43,962
43,005
42,069
41,152
40,254
39,376
38,516
37,674
36,850
36,043
35,254
34,481
33,725
32,984
32,260
31,550
30,856

132,881
130,037
127,253
124,527
121,858
119,245
116,686
114,181
111,728
109,327
106,976
104,674
102,420
100,214
98,054
95,939
93,868
91,841
89,857
87,914
86,012
84,150
82,327
80,543
78,796
77,086
75,412
73,773
72,168
70,598
69,060
67,555
66,082
64,640
63,228
61,847
60,494
59,170
57,874
56,606
55,364
54,148
52,959
51,795
50,655
49,539
48,448
47,379

33,889
33,169
32,464
31,774
31,098
30,436
29,788
29,153
28,532
27,924
27,328
26,745
26,173
25,614
25,067
24,530
24,005
23,491
22,988
22,495
22,013
21,541
21,078
20,625
20,182
19,748
19,323
18,907
18,500
18,101
17,710
17,328
16,954
16,587
16,229
15,878
15,534
15,197
14,868
14,545
14,230
13,921
13,618
13,322
13,032
12,748
12,470
12,198

166,769
163,206
159,717
156,301
152,956
149,681
146,474
143,334
140,260
137,250
134,304
131,418
128,594
125,828
123,120
120,469
117,874
115,333
112,845
110,410
108,025
105,691
103,405
101,168
98,978
96,834
94,734
92,680
90,668
88,698
86,771
84,883
83,036
81,228
79,457
77,724
76,028
74,367
72,742
71,151
69,594
68,069
66,577
65,116
63,687
62,287
60,918
59,577

Monthly
Default
Rate

Monthly
Prepay
Rate

0.01
0.01
0.01
0.01
0.01
0.01
0.01
0.01
0.01
0.01
0.01
0.01
0.01
0.01
0.01
0.01
0.01
0.01
0.01
0.01
0.01
0.01
0.01
0.01
0.01
0.01
0.01
0.01
0.01
0.01
0.01
0.01
0.01
0.01
0.01
0.01
0.01
0.01
0.01
0.01
0.01
0.01
0.01
0.01
0.01
0.01
0.01
0.01

0.01
0.01
0.01
0.01
0.01
0.01
0.01
0.01
0.01
0.01
0.01
0.01
0.01
0.01
0.01
0.01
0.01
0.01
0.01
0.01
0.01
0.01
0.01
0.01
0.01
0.01
0.01
0.01
0.01
0.01
0.01
0.01
0.01
0.01
0.01
0.01
0.01
0.01
0.01
0.01
0.01
0.01
0.01
0.01
0.01
0.01
0.01
0.01

Uniform Practices/Standard Formulas
