SF-33

Performing
Month
Balance

Recover after
Loss Severity

The Bond Market Association

02/01/99

All rights reserved. Reproduction in any form is strictly forbidden. © 1999 The Bond Market Association.

WAC
WAM


Standard Default Methodology

Cash Flow B

Principal and Interest Are Advanced
8.00%
360

Performing
Month
Balance
28,905,945
28,618,674
28,333,733
28,051,104
27,770,770
27,492,712
27,216,912
26,943,351
26,672,014
26,402,881
26,135,936
25,871,161
25,608,539
25,348,054
25,089,687
24,833,424
24,579,246
24,327,137
24,077,082
23,829,064
23,583,066
23,339,074
23,097,070
22,857,040
22,618,967
22,382,837
22,148,633
21,916,341
21,685,946
21,457,432
21,230,786
21,005,991
20,783,033
20,561,899
20,342,572
20,125,040
19,909,288
19,695,302
19,483,067
19,272,571
19,063,799
18,856,738
18,651,374
18,447,694
18,245,684
18,045,332
17,846,623
17,649,546

New
Defaults
730
723
716
708
701
694
687
681
674
667
660
653
647
640
634
627
621
615
608
602
596
590
584
578
572
566
560
554
548
542
537
531
525
520
514
509
503
498
492
487
482
477
471
466
461
456
451
446

150% PSA
100% SDA

In
Amort
Foreclosure Factor
9,132
9,042
8,952
8,862
8,774
8,686
8,599
8,512
8,427
8,342
8,257
8,174
8,091
8,008
7,927
7,846
7,765
7,686
7,607
7,528
7,451
7,374
7,297
7,221
7,146
7,072
6,998
6,924
6,851
6,779
6,708
6,637
6,566
6,496
6,427
6,358
6,290
6,222
6,155
6,089
6,023
5,958
5,893
5,828
5,764
5,701
5,638
5,576

0.8369
0.8351
0.8333
0.8316
0.8298
0.8280
0.8261
0.8243
0.8225
0.8206
0.8188
0.8169
0.8150
0.8131
0.8112
0.8092
0.8073
0.8053
0.8034
0.8014
0.7994
0.7974
0.7954
0.7933
0.7913
0.7892
0.7871
0.7850
0.7829
0.7808
0.7787
0.7765
0.7744
0.7722
0.7700
0.7678
0.7656
0.7634
0.7611
0.7589
0.7566
0.7543
0.7520
0.7496
0.7473
0.7449
0.7426
0.7402

Recover after
Loss Severity

Expected
Voluntary
Amortization Prepayments
60,831
60,755
60,680
60,605
60,530
60,455
60,380
60,305
60,230
60,156
60,081
60,007
59,932
59,858
59,784
59,710
59,636
59,562
59,488
59,414
59,341
59,267
59,194
59,120
59,047
58,974
58,901
58,828
58,755
58,682
58,610
58,537
58,464
58,392
58,320
58,247
58,175
58,103
58,031
57,959
57,887
57,816
57,744
57,672
57,601
57,530
57,458
57,387

228,079
225,812
223,564
221,334
219,122
216,928
214,752
212,593
210,453
208,329
206,223
204,133
202,061
200,006
197,967
195,945
193,940
191,951
189,977
188,021
186,080
184,154
182,245
180,351
178,472
176,609
174,761
172,928
171,111
169,307
167,519
165,745
163,986
162,241
160,511
158,794
157,092
155,404
153,729
152,068
150,421
148,787
147,167
145,559
143,966
142,385
140,817
139,262

12 months (time to liquidation)
20.00%

Amort
From
Defaults

Actual
Amort

Expected
Interest

Interest
Lost

Actual
Interest

Principal
Recovery

19
19
19
19
19
19
19
19
19
19
19
19
19
19
19
19
19
19
19
19
19
19
19
19
19
18
18
18
18
18
18
18
18
18
18
18
18
18
18
18
18
18
18
18
18
18
18
18

60,812
60,736
60,661
60,586
60,511
60,436
60,361
60,286
60,211
60,137
60,062
59,988
59,914
59,839
59,765
59,691
59,617
59,543
59,470
59,396
59,322
59,249
59,175
59,102
59,029
58,956
58,883
58,810
58,737
58,664
58,591
58,519
58,446
58,374
58,301
58,229
58,157
58,085
58,013
57,941
57,869
57,798
57,726
57,654
57,583
57,512
57,440
57,369

194,699
192,767
190,851
188,951
187,066
185,197
183,343
181,503
179,679
177,870
176,075
174,295
172,529
170,778
169,040
167,317
165,608
163,913
162,232
160,565
158,911
157,270
155,643
154,029
152,428
150,841
149,266
147,704
146,155
144,619
143,095
141,583
140,084
138,597
137,123
135,660
134,209
132,771
131,343
129,928
128,524
127,132
125,751
124,382
123,023
121,676
120,340
119,015

66
66
65
64
64
63
62
62
61
61
60
59
59
58
58
57
56
56
55
55
54
54
53
52
52
51
51
50
50
49
49
48
48
47
47
46
46
45
45
44
44
43
43
42
42
41
41
41

194,632
192,701
190,786
188,887
187,003
185,134
183,280
181,442
179,618
177,809
176,015
174,235
172,470
170,719
168,983
167,260
165,552
163,858
162,177
160,510
158,856
157,217
155,590
153,977
152,376
150,789
149,215
147,654
146,105
144,569
143,046
141,535
140,036
138,550
137,076
135,614
134,164
132,725
131,299
129,884
128,481
127,089
125,708
124,339
122,982
121,635
120,299
118,975

638
632
625
619
613
607
601
595
589
583
577
571
565
559
554
548
542
537
531
526
520
515
509
504
499
494
488
483
478
473
468
463
458
453
448
444
439
434
429
425
420
416
411
406
402
398
393
389

Amortized
Default Bal
Principal In Recovery
Loss
Month
164
163
161
160
158
156
155
153
152
150
149
147
146
145
143
142
140
139
137
136
135
133
132
131
129
128
127
125
124
123
122
120
119
118
117
116
114
113
112
111
110
108
107
106
105
104
103
102

802
794
787
779
771
763
756
748
741
733
726
718
711
704
697
690
683
676
669
662
655
648
641
635
628
622
615
609
602
596
590
584
577
571
565
559
553
547
541
535
530
524
518
513
507
501
496
491

Annual
Default
Rate

Monthly
Default
Rate

Monthly
Prepay
Rate

0.000300
0.000300
0.000300
0.000300
0.000300
0.000300
0.000300
0.000300
0.000300
0.000300
0.000300
0.000300
0.000300
0.000300
0.000300
0.000300
0.000300
0.000300
0.000300
0.000300
0.000300
0.000300
0.000300
0.000300
0.000300
0.000300
0.000300
0.000300
0.000300
0.000300
0.000300
0.000300
0.000300
0.000300
0.000300
0.000300
0.000300
0.000300
0.000300
0.000300
0.000300
0.000300
0.000300
0.000300
0.000300
0.000300
0.000300
0.000300

0.000025
0.000025
0.000025
0.000025
0.000025
0.000025
0.000025
0.000025
0.000025
0.000025
0.000025
0.000025
0.000025
0.000025
0.000025
0.000025
0.000025
0.000025
0.000025
0.000025
0.000025
0.000025
0.000025
0.000025
0.000025
0.000025
0.000025
0.000025
0.000025
0.000025
0.000025
0.000025
0.000025
0.000025
0.000025
0.000025
0.000025
0.000025
0.000025
0.000025
0.000025
0.000025
0.000025
0.000025
0.000025
0.000025
0.000025
0.000025

0.007828
0.007828
0.007828
0.007828
0.007828
0.007828
0.007828
0.007828
0.007828
0.007828
0.007828
0.007828
0.007828
0.007828
0.007828
0.007828
0.007828
0.007828
0.007828
0.007828
0.007828
0.007828
0.007828
0.007828
0.007828
0.007828
0.007828
0.007828
0.007828
0.007828
0.007828
0.007828
0.007828
0.007828
0.007828
0.007828
0.007828
0.007828
0.007828
0.007828
0.007828
0.007828
0.007828
0.007828
0.007828
0.007828
0.007828
0.007828

Uniform Practices/Standard Formulas
