SF-36

Month

Performing
Balance

150% PSA
100% SDA

The Bond Market Association

02/01/99

All rights reserved. Reproduction in any form is strictly forbidden. © 1999 The Bond Market Association.

WAC
WAM


Standard Default Methodology

Cash Flow B

Principal and Interest Are Advanced
8.00%
360

289
290
291
292
293
294
295
296
297
298
299
300
301
302
303
304
305
306
307
308
309
310
311
312
313
314
315
316
317
318
319
320
321
322
323
324
325
326
327
328
329
330
331
332
333
334
335
336

4,594,049
4,507,562
4,421,817
4,336,808
4,252,529
4,168,974
4,086,138
4,004,014
3,922,597
3,841,881
3,761,861
3,682,531
3,603,886
3,525,920
3,448,628
3,372,004
3,296,044
3,220,741
3,146,091
3,072,089
2,998,729
2,926,005
2,853,914
2,782,450
2,711,608
2,641,383
2,571,770
2,502,765
2,434,362
2,366,556
2,299,343
2,232,719
2,166,677
2,101,215
2,036,327
1,972,008
1,908,254
1,845,061
1,782,423
1,720,338
1,658,799
1,597,803
1,537,346
1,477,423
1,418,030
1,359,162
1,300,816
1,242,987

New
In
Defaults Foreclosure
117
115
113
111
108
106
104
102
100
98
96
94
92
90
88
86
84
82
81
79
77
75
73
71
70
68
66
64
63
61
59
57
56
54
53
51
49
48
46
45
43
41
40
38
37
35
34
33

1,451
1,424
1,397
1,370
1,344
1,317
1,291
1,265
1,239
1,214
1,189
1,163
1,139
1,114
1,090
1,065
1,041
1,018
994
971
947
924
902
879
857
835
813
791
769
748
726
705
685
664
643
623
603
583
563
544
524
505
486
467
448
429
411
393

150% PSA
100% SDA

Amort
Factor
0.4140
0.4094
0.4048
0.4001
0.3955
0.3908
0.3860
0.3813
0.3765
0.3716
0.3668
0.3619
0.3570
0.3520
0.3470
0.3420
0.3369
0.3318
0.3267
0.3215
0.3164
0.3111
0.3059
0.3006
0.2952
0.2899
0.2845
0.2790
0.2735
0.2680
0.2625
0.2569
0.2513
0.2456
0.2399
0.2342
0.2284
0.2226
0.2167
0.2108
0.2049
0.1989
0.1929
0.1869
0.1808
0.1746
0.1685
0.1622

Recover after
Loss Severity

12 months (time to liquidation)
20.00%

Amort
Expected
Voluntary
From
Amortization Prepayments Defaults
50,884
50,821
50,758
50,695
50,632
50,570
50,507
50,444
50,382
50,320
50,257
50,195
50,133
50,071
50,009
49,947
49,885
49,823
49,761
49,699
49,638
49,576
49,515
49,454
49,392
49,331
49,270
49,209
49,148
49,087
49,026
48,965
48,905
48,844
48,784
48,723
48,663
48,603
48,542
48,482
48,422
48,362
48,302
48,242
48,183
48,123
48,063
48,004

36,249
35,566
34,890
34,219
33,554
32,895
32,241
31,593
30,951
30,314
29,683
29,057
28,436
27,821
27,211
26,606
26,007
25,413
24,824
24,240
23,661
23,087
22,518
21,955
21,396
20,842
20,292
19,748
19,208
18,673
18,143
17,617
17,096
16,579
16,067
15,560
15,057
14,558
14,064
13,574
13,089
12,607
12,130
11,657
11,189
10,724
10,264
9,808

16
16
16
16
16
16
16
16
16
16
16
16
16
16
16
16
16
16
16
16
16
16
16
15
15
15
15
15
15
15
15
15
15
15
15
15
15
15
15
15
15
15
15
15
15
15
15
15

Actual
Amort

Expected
Interest

Interest
Lost

Actual
Interest

Principal
Recovery

Principal
Loss

Amortized
Default Bal
In Recovery
Month

50,868
50,805
50,742
50,679
50,617
50,554
50,491
50,429
50,366
50,304
50,241
50,179
50,117
50,055
49,993
49,931
49,869
49,807
49,746
49,684
49,622
49,561
49,499
49,438
49,377
49,316
49,255
49,194
49,133
49,072
49,011
48,950
48,889
48,829
48,768
48,708
48,648
48,587
48,527
48,467
48,407
48,347
48,287
48,227
48,167
48,108
48,048
47,989

31,218
30,637
30,060
29,488
28,921
28,359
27,802
27,250
26,702
26,159
25,621
25,087
24,558
24,033
23,514
22,998
22,487
21,981
21,478
20,981
20,487
19,998
19,513
19,032
18,556
18,083
17,615
17,151
16,690
16,234
15,782
15,334
14,889
14,449
14,013
13,580
13,151
12,726
12,304
11,887
11,473
11,062
10,655
10,252
9,853
9,457
9,064
8,675

11
10
10
10
10
10
9
9
9
9
9
9
8
8
8
8
8
7
7
7
7
7
7
6
6
6
6
6
6
6
5
5
5
5
5
5
4
4
4
4
4
4
4
3
3
3
3
3

31,208
30,626
30,050
29,478
28,911
28,349
27,792
27,240
26,693
26,150
25,612
25,078
24,550
24,025
23,506
22,990
22,479
21,973
21,471
20,973
20,480
19,991
19,506
19,026
18,549
18,077
17,609
17,145
16,685
16,229
15,777
15,329
14,884
14,444
14,008
13,575
13,146
12,721
12,300
11,883
11,469
11,058
10,652
10,249
9,849
9,453
9,061
8,672

100
98
96
94
92
90
88
87
85
83
81
80
78
76
74
73
71
69
68
66
64
63
61
60
58
57
55
53
52
50
49
47
46
45
43
42
40
39
38
36
35
33
32
31
29
28
27
26

29
28
28
28
27
27
26
26
25
25
24
24
23
23
23
22
22
21
21
20
20
20
19
19
18
18
18
17
17
16
16
16
15
15
15
14
14
14
13
13
13
12
12
11
11
11
11
10

129
126
124
122
119
117
115
112
110
108
106
103
101
99
97
95
93
91
89
86
84
82
80
78
76
75
73
71
69
67
65
63
61
60
58
56
54
52
51
49
47
46
44
42
41
39
37
36

Annual
Default
Rate

Monthly
Default
Rate

Monthly
Prepay
Rate

0.000300
0.000300
0.000300
0.000300
0.000300
0.000300
0.000300
0.000300
0.000300
0.000300
0.000300
0.000300
0.000300
0.000300
0.000300
0.000300
0.000300
0.000300
0.000300
0.000300
0.000300
0.000300
0.000300
0.000300
0.000300
0.000300
0.000300
0.000300
0.000300
0.000300
0.000300
0.000300
0.000300
0.000300
0.000300
0.000300
0.000300
0.000300
0.000300
0.000300
0.000300
0.000300
0.000300
0.000300
0.000300
0.000300
0.000300
0.000300

0.000025
0.000025
0.000025
0.000025
0.000025
0.000025
0.000025
0.000025
0.000025
0.000025
0.000025
0.000025
0.000025
0.000025
0.000025
0.000025
0.000025
0.000025
0.000025
0.000025
0.000025
0.000025
0.000025
0.000025
0.000025
0.000025
0.000025
0.000025
0.000025
0.000025
0.000025
0.000025
0.000025
0.000025
0.000025
0.000025
0.000025
0.000025
0.000025
0.000025
0.000025
0.000025
0.000025
0.000025
0.000025
0.000025
0.000025
0.000025

0.007828
0.007828
0.007828
0.007828
0.007828
0.007828
0.007828
0.007828
0.007828
0.007828
0.007828
0.007828
0.007828
0.007828
0.007828
0.007828
0.007828
0.007828
0.007828
0.007828
0.007828
0.007828
0.007828
0.007828
0.007828
0.007828
0.007828
0.007828
0.007828
0.007828
0.007828
0.007828
0.007828
0.007828
0.007828
0.007828
0.007828
0.007828
0.007828
0.007828
0.007828
0.007828
0.007828
0.007828
0.007828
0.007828
0.007828
0.007828

Uniform Practices/Standard Formulas
