SF-35

193
194
195
196
197
198
199
200
201
202
203
204
205
206
207
208
209
210
211
212
213
214
215
216
217
218
219
220
221
222
223
224
225
226
227
228
229
230
231
232
233
234
235
236
237
238
239
240

Prepay Rate
Default Rate

The Bond Market Association

02/01/99

All rights reserved. Reproduction in any form is strictly forbidden. © 1999 The Bond Market Association.

WAC
WAM


Standard Default Methodology

Cash Flow B

Principal and Interest Are Advanced
8.00%
360

Prepay Rate
Default Rate
New
Defaults

In
Foreclosure

241
242
243
244
245
246
247
248
249
250
251
252
253
254
255
256
257
258
259
260
261
262
263
264
265
266
267
268
269
270
271
272
273
274
275
276
277
278
279
280
281
282
283
284
285
286
287
288

9,745,917
9,615,879
9,486,930
9,359,059
9,232,258
9,106,520
8,981,834
8,858,194
8,735,591
8,614,016
8,493,462
8,373,920
8,255,382
8,137,840
8,021,287
7,905,715
7,791,115
7,677,481
7,564,804
7,453,076
7,342,291
7,232,441
7,123,518
7,015,515
6,908,425
6,802,240
6,696,953
6,592,558
6,489,047
6,386,412
6,284,648
6,183,747
6,083,702
5,984,507
5,886,154
5,788,638
5,691,951
5,596,086
5,501,038
5,406,800
5,313,365
5,220,727
5,128,879
5,037,816
4,947,531
4,858,018
4,769,271
4,681,283

247
244
240
237
234
231
228
225
221
218
215
212
209
206
203
201
198
195
192
189
186
184
181
178
175
173
170
167
165
162
160
157
155
152
150
147
145
142
140
138
135
133
131
128
126
124
121
119

3,079
3,038
2,997
2,957
2,917
2,877
2,838
2,799
2,760
2,721
2,683
2,646
2,608
2,571
2,534
2,498
2,461
2,426
2,390
2,355
2,320
2,285
2,251
2,216
2,183
2,149
2,116
2,083
2,050
2,018
1,986
1,954
1,922
1,891
1,860
1,829
1,798
1,768
1,738
1,708
1,679
1,649
1,620
1,592
1,563
1,535
1,507
1,479

Recover after
Loss Severity

12 months (time to liquidation)
20.00%

Amort
Amort
Expected
Voluntary
From
Factor Amortization Prepayments Defaults

Actual
Amort

Expected
Interest

Interest
Lost

Actual
Interest

0.6015
0.5981
0.5948
0.5914
0.5880
0.5846
0.5812
0.5777
0.5742
0.5707
0.5672
0.5636
0.5600
0.5564
0.5528
0.5492
0.5455
0.5418
0.5381
0.5343
0.5305
0.5267
0.5229
0.5191
0.5152
0.5113
0.5073
0.5034
0.4994
0.4954
0.4914
0.4873
0.4832
0.4791
0.4749
0.4708
0.4666
0.4624
0.4581
0.4538
0.4495
0.4452
0.4408
0.4364
0.4320
0.4275
0.4230
0.4185

53,988
53,921
53,854
53,787
53,720
53,654
53,587
53,521
53,455
53,388
53,322
53,256
53,190
53,124
53,058
52,993
52,927
52,861
52,796
52,731
52,665
52,600
52,535
52,470
52,405
52,340
52,275
52,210
52,145
52,081
52,016
51,952
51,887
51,823
51,759
51,695
51,631
51,567
51,503
51,439
51,375
51,312
51,248
51,185
51,121
51,058
50,995
50,931

65,868
64,993
64,126
63,266
62,413
61,568
60,729
59,898
59,073
58,256
57,445
56,641
55,844
55,053
54,269
53,492
52,721
51,957
51,199
50,448
49,703
48,964
48,232
47,505
46,785
46,071
45,363
44,660
43,964
43,274
42,590
41,911
41,238
40,571
39,909
39,253
38,603
37,958
37,319
36,685
36,057
35,434
34,816
34,203
33,596
32,994
32,397
31,805

22
22
22
22
21
21
21
20
20
20
20
19
19
19
18
18
18
18
17
17
17
17
16
16
16
16
15
15
15
15
15
14
14
14
14
13
13
13
13
13
12
12
12
12
11
11
11
11

65,845
64,971
64,104
63,245
62,392
61,547
60,709
59,877
59,053
58,236
57,425
56,622
55,825
55,035
54,251
53,474
52,703
51,939
51,182
50,431
49,686
48,947
48,215
47,489
46,769
46,055
45,347
44,645
43,949
43,259
42,575
41,897
41,224
40,557
39,896
39,240
38,590
37,945
37,306
36,673
36,044
35,422
34,804
34,192
33,585
32,983
32,386
31,794

54,004
53,938
53,871
53,804
53,737
53,671
53,604
53,538
53,471
53,405
53,339
53,273
53,207
53,141
53,075
53,009
52,944
52,878
52,813
52,747
52,682
52,616
52,551
52,486
52,421
52,356
52,291
52,226
52,162
52,097
52,033
51,968
51,904
51,839
51,775
51,711
51,647
51,583
51,519
51,455
51,391
51,328
51,264
51,201
51,137
51,074
51,011
50,947

76,899
75,873
74,856
73,847
72,846
71,854
70,870
69,895
68,927
67,968
67,017
66,073
65,138
64,211
63,291
62,379
61,475
60,578
59,689
58,808
57,934
57,067
56,207
55,355
54,510
53,672
52,842
52,018
51,201
50,391
49,588
48,792
48,003
47,220
46,444
45,675
44,912
44,155
43,405
42,662
41,925
41,194
40,469
39,750
39,038
38,332
37,631
36,937

17
17
17
17
17
17
17
17
17
17
17
17
17
17
17
17
17
17
17
17
17
16
16
16
16
16
16
16
16
16
16
16
16
16
16
16
16
16
16
16
16
16
16
16
16
16
16
16

Principal Principal
Recovery
Loss
214
211
208
205
202
200
197
194
191
189
186
183
181
178
176
173
170
168
165
163
161
158
156
153
151
149
146
144
142
139
137
135
133
130
128
126
124
122
120
118
116
114
112
110
108
106
104
102

58
57
56
56
55
54
53
53
52
51
51
50
49
49
48
47
47
46
46
45
44
44
43
42
42
41
41
40
40
39
38
38
37
37
36
36
35
35
34
33
33
32
32
31
31
30
30
29

Amortized
Default Bal
In Recovery
Month

Annual
Default
Rate

Monthly
Default
Rate

Monthly
Prepay
Rate

271
268
264
261
257
254
250
247
243
240
237
233
230
227
224
220
217
214
211
208
205
202
199
196
193
190
187
184
181
178
176
173
170
167
164
162
159
156
154
151
149
146
143
141
138
136
134
131

0.000300
0.000300
0.000300
0.000300
0.000300
0.000300
0.000300
0.000300
0.000300
0.000300
0.000300
0.000300
0.000300
0.000300
0.000300
0.000300
0.000300
0.000300
0.000300
0.000300
0.000300
0.000300
0.000300
0.000300
0.000300
0.000300
0.000300
0.000300
0.000300
0.000300
0.000300
0.000300
0.000300
0.000300
0.000300
0.000300
0.000300
0.000300
0.000300
0.000300
0.000300
0.000300
0.000300
0.000300
0.000300
0.000300
0.000300
0.000300

0.000025
0.000025
0.000025
0.000025
0.000025
0.000025
0.000025
0.000025
0.000025
0.000025
0.000025
0.000025
0.000025
0.000025
0.000025
0.000025
0.000025
0.000025
0.000025
0.000025
0.000025
0.000025
0.000025
0.000025
0.000025
0.000025
0.000025
0.000025
0.000025
0.000025
0.000025
0.000025
0.000025
0.000025
0.000025
0.000025
0.000025
0.000025
0.000025
0.000025
0.000025
0.000025
0.000025
0.000025
0.000025
0.000025
0.000025
0.000025

0.007828
0.007828
0.007828
0.007828
0.007828
0.007828
0.007828
0.007828
0.007828
0.007828
0.007828
0.007828
0.007828
0.007828
0.007828
0.007828
0.007828
0.007828
0.007828
0.007828
0.007828
0.007828
0.007828
0.007828
0.007828
0.007828
0.007828
0.007828
0.007828
0.007828
0.007828
0.007828
0.007828
0.007828
0.007828
0.007828
0.007828
0.007828
0.007828
0.007828
0.007828
0.007828
0.007828
0.007828
0.007828
0.007828
0.007828
0.007828

Uniform Practices/Standard Formulas
