SF-30


Standard Default Methodology

Cash Flow B

Principal and Interest Are Advanced
8.00%
360

Prepay Rate
Default Rate

150% PSA
100% SDA

New
Defaults

In
Foreclosure

Amort
Factor

100,000,000
99,906,219
99,785,306
99,637,279
99,462,179
99,260,067
99,031,028
98,775,168
98,492,616
98,183,522
97,848,057
97,486,418
97,098,818
96,685,496
96,246,710
95,782,739
95,293,884
94,780,464
94,242,822
93,681,317
93,096,328
92,488,255
91,857,515
91,204,543
90,529,791
89,833,729
89,116,843
88,379,636
87,622,624
86,846,340
86,051,329
85,263,063
84,481,486
83,706,543
82,938,177
82,176,333
81,420,958
80,671,996
79,929,395
79,193,100
78,463,060
77,739,222
77,021,535
76,309,946
75,604,405
74,904,860
74,211,263
73,523,563
72,841,712

1,667
3,331
4,991
6,645
8,292
9,931
11,561
13,180
14,786
16,379
17,957
19,519
21,063
22,589
24,095
25,580
27,042
28,481
29,896
31,285
32,647
33,981
35,287
36,562
37,807
39,021
40,202
41,350
42,464
43,543
43,144
42,749
42,357
41,969
41,584
41,202
40,823
40,447
40,075
39,706
39,340
38,977
38,617
38,260
37,907
37,556
37,208
36,863

1,666
4,993
9,977
16,611
24,886
34,793
46,321
59,459
74,192
90,506
108,385
127,811
147,113
166,276
185,285
204,123
222,776
241,228
259,465
277,471
295,233
312,736
329,967
346,911
363,556
379,889
395,897
411,569
426,892
441,856
455,009
466,380
476,002
483,906
490,126
494,697
497,653
499,030
498,866
497,198
494,063
489,502
484,980
480,496
476,050
471,642
467,271
462,938

1.0000
0.9993
0.9987
0.9980
0.9973
0.9966
0.9959
0.9952
0.9945
0.9938
0.9931
0.9924
0.9916
0.9909
0.9902
0.9895
0.9887
0.9880
0.9872
0.9865
0.9857
0.9849
0.9842
0.9834
0.9826
0.9818
0.9810
0.9802
0.9794
0.9786
0.9778
0.9770
0.9762
0.9753
0.9745
0.9736
0.9728
0.9719
0.9711
0.9702
0.9694
0.9685
0.9676
0.9667
0.9658
0.9649
0.9640
0.9631
0.9622

1
2
3
4
5
6
7
8
9
10
11
12
13
14
15
16
17
18
19
20
21
22
23
24
25
26
27
28
29
30
31
32
33
34
35
36
37
38
39
40
41
42
43
44
45
46
47
48

12 months (time to liquidation)
20.00%

Amort
Expected
Voluntary
From
Amortization Prepayments Defaults
67,098
67,528
67,944
68,346
68,732
69,103
69,459
69,799
70,122
70,429
70,718
70,991
71,246
71,481
71,698
71,895
72,072
72,230
72,368
72,486
72,583
72,660
72,717
72,753
72,768
72,763
72,736
72,689
72,620
72,531
72,421
72,310
72,197
72,084
71,969
71,853
71,736
71,618
71,499
71,379
71,257
71,135
71,013
70,891
70,769
70,647
70,526
70,404

25,018
50,057
75,098
100,121
125,104
150,028
174,872
199,616
224,239
248,722
273,043
297,182
321,121
344,839
368,316
391,534
414,473
437,115
459,441
481,432
503,073
524,344
545,229
565,713
585,778
605,409
624,591
643,311
661,553
679,304
673,082
666,912
660,794
654,729
648,715
642,751
636,839
630,977
625,164
619,401
613,687
608,022
602,404
596,835
591,312
585,837
580,408
575,025

1
3
7
11
17
24
33
42
53
65
78
93
108
123
138
153
168
184
199
214
230
245
261
276
291
307
322
337
353
368
381
394
405
415
423
431
436
441
444
446
447
446
445
444
443
443
442
441

Actual
Amort

Expected
Interest

Interest
Lost

Actual
Interest

67,097
67,525
67,938
68,334
68,715
69,079
69,426
69,757
70,069
70,364
70,640
70,898
71,138
71,358
71,560
71,742
71,904
72,046
72,169
72,271
72,354
72,415
72,456
72,477
72,477
72,456
72,414
72,351
72,268
72,163
72,039
71,916
71,792
71,669
71,545
71,422
71,300
71,177
71,055
70,933
70,811
70,689
70,568
70,446
70,325
70,204
70,084
69,963

666,667
666,053
665,269
664,315
663,192
661,900
660,439
658,810
657,014
655,051
652,924
650,632
648,178
645,551
642,753
639,787
636,653
633,355
629,894
626,272
622,492
618,557
614,468
610,230
605,845
601,315
596,645
591,837
586,895
581,822
576,621
571,454
566,319
561,217
556,147
551,110
546,104
541,131
536,190
531,280
526,402
521,555
516,740
511,966
507,233
502,539
497,886
493,272

11
33
67
111
166
232
309
397
495
604
723
853
992
1,131
1,269
1,406
1,541
1,675
1,807
1,938
2,067
2,195
2,320
2,444
2,565
2,684
2,801
2,915
3,027
3,136
3,233
3,318
3,392
3,453
3,503
3,542
3,570
3,587
3,594
3,590
3,577
3,554
3,521
3,488
3,456
3,424
3,392
3,361

666,656
666,019
665,202
664,204
663,026
661,668
660,130
658,413
656,519
654,448
652,201
649,779
647,185
644,419
641,484
638,381
635,112
631,680
628,086
624,334
620,425
616,362
612,148
607,787
603,280
598,631
593,844
588,922
583,868
578,685
573,388
568,135
562,928
557,764
552,644
547,568
542,534
537,544
532,595
527,689
522,825
518,002
513,219
508,478
503,777
499,115
494,494
489,911

Principal
Recovery

1,320
2,637
3,950
5,259
6,563
7,859
9,148
10,428
11,698
12,957
14,204
15,438
16,658
17,864
19,053
20,225
21,380
22,515
23,631
24,727
25,801
26,853
27,883
28,888
29,869
30,825
31,755
32,658
33,535
34,384
34,066
33,750
33,438
33,127
32,820
32,515

Principal
Loss

333
666
998
1,329
1,658
1,986
2,312
2,636
2,957
3,276
3,591
3,904
4,213
4,518
4,819
5,116
5,408
5,696
5,979
6,257
6,529
6,796
7,057
7,312
7,561
7,804
8,040
8,270
8,493
8,709
8,629
8,550
8,471
8,394
8,317
8,240

Amortized
Default Bal
In Recovery
Month

Annual
Default
Rate

Monthly
Default
Rate

Monthly
Prepay
Rate

1,653
3,303
4,948
6,588
8,221
9,845
11,460
13,064
14,655
16,233
17,795
19,342
20,871
22,381
23,872
25,341
26,788
28,212
29,611
30,984
32,331
33,650
34,940
36,200
37,430
38,629
39,795
40,928
42,028
43,092
42,695
42,300
41,909
41,521
41,137
40,756

0.000200
0.000400
0.000600
0.000800
0.001000
0.001200
0.001400
0.001600
0.001800
0.002000
0.002200
0.002400
0.002600
0.002800
0.003000
0.003200
0.003400
0.003600
0.003800
0.004000
0.004200
0.004400
0.004600
0.004800
0.005000
0.005200
0.005400
0.005600
0.005800
0.006000
0.006000
0.006000
0.006000
0.006000
0.006000
0.006000
0.006000
0.006000
0.006000
0.006000
0.006000
0.006000
0.006000
0.006000
0.006000
0.006000
0.006000
0.006000

0.000017
0.000033
0.000050
0.000067
0.000083
0.000100
0.000117
0.000133
0.000150
0.000167
0.000184
0.000200
0.000217
0.000234
0.000250
0.000267
0.000284
0.000300
0.000317
0.000334
0.000351
0.000367
0.000384
0.000401
0.000418
0.000434
0.000451
0.000468
0.000485
0.000501
0.000501
0.000501
0.000501
0.000501
0.000501
0.000501
0.000501
0.000501
0.000501
0.000501
0.000501
0.000501
0.000501
0.000501
0.000501
0.000501
0.000501
0.000501

0.000250
0.000501
0.000753
0.001006
0.001259
0.001513
0.001767
0.002022
0.002278
0.002535
0.002792
0.003051
0.003310
0.003569
0.003830
0.004091
0.004353
0.004615
0.004879
0.005143
0.005408
0.005674
0.005940
0.006208
0.006476
0.006745
0.007014
0.007285
0.007556
0.007828
0.007828
0.007828
0.007828
0.007828
0.007828
0.007828
0.007828
0.007828
0.007828
0.007828
0.007828
0.007828
0.007828
0.007828
0.007828
0.007828
0.007828
0.007828

Uniform Practices/Standard Formulas
