SF-34

145
146
147
148
149
150
151
152
153
154
155
156
157
158
159
160
161
162
163
164
165
166
167
168
169
170
171
172
173
174
175
176
177
178
179
180
181
182
183
184
185
186
187
188
189
190
191
192

Prepay Rate
Default Rate

The Bond Market Association

02/01/99

All rights reserved. Reproduction in any form is strictly forbidden. © 1999 The Bond Market Association.

WAC
WAM


Standard Default Methodology

Cash Flow B

Principal and Interest Are Advanced
8.00%
360

Performing
Month
Balance
17,454,087
17,260,234
17,067,973
16,877,293
16,688,180
16,500,622
16,314,608
16,130,124
15,947,159
15,765,701
15,585,737
15,407,256
15,230,246
15,054,696
14,880,594
14,707,928
14,536,688
14,366,861
14,198,438
14,031,405
13,865,754
13,701,472
13,538,548
13,376,973
13,216,735
13,057,824
12,900,230
12,743,941
12,588,947
12,435,239
12,282,806
12,131,638
11,981,725
11,833,057
11,685,625
11,539,417
11,394,425
11,250,640
11,108,051
10,966,648
10,826,424
10,687,368
10,549,470
10,412,723
10,277,116
10,142,641
10,009,289
9,877,050

New
In
Defaults Foreclosure
441
436
432
427
422
417
413
408
403
399
394
390
385
381
376
372
368
363
359
355
351
347
343
339
334
330
326
323
319
315
311
307
303
300
296
292
289
285
281
278
274
271
267
264
260
257
254
250

5,514
5,453
5,392
5,332
5,272
5,213
5,154
5,096
5,038
4,981
4,924
4,868
4,812
4,756
4,701
4,647
4,593
4,539
4,486
4,433
4,381
4,329
4,277
4,226
4,176
4,125
4,076
4,026
3,977
3,929
3,881
3,833
3,785
3,738
3,692
3,646
3,600
3,554
3,509
3,465
3,420
3,377
3,333
3,290
3,247
3,204
3,162
3,121

150% PSA
100% SDA

Amort
Factor
0.7378
0.7354
0.7329
0.7305
0.7280
0.7255
0.7230
0.7205
0.7180
0.7154
0.7129
0.7103
0.7077
0.7051
0.7024
0.6998
0.6971
0.6944
0.6917
0.6890
0.6862
0.6835
0.6807
0.6779
0.6751
0.6722
0.6694
0.6665
0.6636
0.6607
0.6577
0.6548
0.6518
0.6488
0.6458
0.6428
0.6397
0.6367
0.6336
0.6304
0.6273
0.6242
0.6210
0.6178
0.6146
0.6113
0.6081
0.6048

Recover after
Loss Severity

12 months (time to liquidation)
20.00%

Amort
Expected
Voluntary
From
Amortization Prepayments Defaults
57,316
57,245
57,174
57,103
57,032
56,962
56,891
56,821
56,750
56,680
56,610
56,540
56,470
56,400
56,330
56,260
56,190
56,121
56,051
55,982
55,912
55,843
55,774
55,705
55,636
55,567
55,498
55,429
55,360
55,292
55,223
55,155
55,086
55,018
54,950
54,882
54,814
54,746
54,678
54,610
54,543
54,475
54,408
54,340
54,273
54,206
54,139
54,071

137,720
136,190
134,673
133,168
131,676
130,196
128,729
127,273
125,829
124,397
122,977
121,569
120,173
118,787
117,414
116,051
114,700
113,360
112,031
110,713
109,406
108,110
106,824
105,549
104,285
103,031
101,788
100,555
99,332
98,119
96,916
95,723
94,540
93,367
92,204
91,050
89,906
88,772
87,647
86,531
85,425
84,327
83,239
82,160
81,090
80,029
78,977
77,934

18
18
18
18
18
18
18
18
18
18
18
18
18
18
18
18
18
18
18
18
18
17
17
17
17
17
17
17
17
17
17
17
17
17
17
17
17
17
17
17
17
17
17
17
17
17
17
17

Actual
Amort

Expected
Interest

Interest
Lost

Actual
Interest

Principal
Recovery

Principal
Loss

Amortized
Default Bal
In Recovery
Month

57,298
57,227
57,156
57,085
57,015
56,944
56,873
56,803
56,733
56,662
56,592
56,522
56,452
56,382
56,312
56,242
56,173
56,103
56,033
55,964
55,895
55,825
55,756
55,687
55,618
55,549
55,480
55,412
55,343
55,274
55,206
55,138
55,069
55,001
54,933
54,865
54,797
54,729
54,661
54,593
54,526
54,458
54,391
54,323
54,256
54,189
54,122
54,055

117,701
116,397
115,105
113,822
112,551
111,290
110,039
108,798
107,568
106,348
105,138
103,938
102,747
101,567
100,396
99,235
98,084
96,942
95,809
94,686
93,572
92,468
91,372
90,286
89,208
88,139
87,080
86,029
84,986
83,953
82,928
81,911
80,903
79,903
78,912
77,929
76,954
75,987
75,028
74,077
73,134
72,199
71,272
70,352
69,440
68,536
67,639
66,750

40
40
39
39
38
38
38
37
37
36
36
35
35
35
34
34
33
33
33
32
32
32
31
31
30
30
30
29
29
29
28
28
28
27
27
27
26
26
26
25
25
25
24
24
24
23
23
23

117,661
116,358
115,065
113,784
112,512
111,252
110,001
108,761
107,531
106,312
105,102
103,902
102,712
101,532
100,362
99,201
98,050
96,909
95,777
94,654
93,540
92,436
91,341
90,255
89,178
88,109
87,050
85,999
84,957
83,924
82,900
81,883
80,876
79,876
78,885
77,902
76,928
75,961
75,002
74,052
73,109
72,174
71,247
70,328
69,416
68,512
67,616
66,727

384
380
376
372
367
363
359
355
351
347
343
339
335
331
327
324
320
316
312
309
305
301
298
294
291
287
284
280
277
273
270
267
263
260
257
253
250
247
244
241
238
235
232
229
226
223
220
217

101
100
98
97
96
95
94
93
92
91
90
89
88
87
86
85
84
83
83
82
81
80
79
78
77
76
75
74
74
73
72
71
70
69
69
68
67
66
65
65
64
63
62
61
61
60
59
58

485
480
474
469
464
459
454
448
443
438
433
428
423
419
414
409
404
400
395
390
386
381
377
372
368
363
359
355
350
346
342
338
333
329
325
321
317
313
309
305
301
298
294
290
286
282
279
275

Annual
Default
Rate

Monthly
Default
Rate

Monthly
Prepay
Rate

0.000300
0.000300
0.000300
0.000300
0.000300
0.000300
0.000300
0.000300
0.000300
0.000300
0.000300
0.000300
0.000300
0.000300
0.000300
0.000300
0.000300
0.000300
0.000300
0.000300
0.000300
0.000300
0.000300
0.000300
0.000300
0.000300
0.000300
0.000300
0.000300
0.000300
0.000300
0.000300
0.000300
0.000300
0.000300
0.000300
0.000300
0.000300
0.000300
0.000300
0.000300
0.000300
0.000300
0.000300
0.000300
0.000300
0.000300
0.000300

0.000025
0.000025
0.000025
0.000025
0.000025
0.000025
0.000025
0.000025
0.000025
0.000025
0.000025
0.000025
0.000025
0.000025
0.000025
0.000025
0.000025
0.000025
0.000025
0.000025
0.000025
0.000025
0.000025
0.000025
0.000025
0.000025
0.000025
0.000025
0.000025
0.000025
0.000025
0.000025
0.000025
0.000025
0.000025
0.000025
0.000025
0.000025
0.000025
0.000025
0.000025
0.000025
0.000025
0.000025
0.000025
0.000025
0.000025
0.000025

0.007828
0.007828
0.007828
0.007828
0.007828
0.007828
0.007828
0.007828
0.007828
0.007828
0.007828
0.007828
0.007828
0.007828
0.007828
0.007828
0.007828
0.007828
0.007828
0.007828
0.007828
0.007828
0.007828
0.007828
0.007828
0.007828
0.007828
0.007828
0.007828
0.007828
0.007828
0.007828
0.007828
0.007828
0.007828
0.007828
0.007828
0.007828
0.007828
0.007828
0.007828
0.007828
0.007828
0.007828
0.007828
0.007828
0.007828
0.007828

Uniform Practices/Standard Formulas
