SF-31

Performing
Month
Balance

Recover after
Loss Severity

The Bond Market Association

02/01/99

All rights reserved. Reproduction in any form is strictly forbidden. © 1999 The Bond Market Association.

WAC
WAM


Standard Default Methodology

Cash Flow B

Principal and Interest Are Advanced
8.00%
360

Performing
Month
Balance
72,165,659
71,495,356
70,830,756
70,171,811
69,518,472
68,870,695
68,228,431
67,591,635
66,960,261
66,334,264
65,713,599
65,098,221
64,488,603
63,884,687
63,286,415
62,693,730
62,106,576
61,524,896
60,948,635
60,377,737
59,812,150
59,251,819
58,696,691
58,146,714
57,601,835
57,062,004
56,527,169
55,997,280
55,472,287
54,952,142
54,436,795
53,926,198
53,420,304
52,919,065
52,422,434
51,930,367
51,442,815
50,959,736
50,481,083
50,006,812
49,536,881
49,071,244
48,609,861
48,152,687
47,699,682
47,250,803
46,806,009
46,365,260

150% PSA
100% SDA

New
Defaults

In
Foreclosure

Amort
Factor

36,521
36,182
35,846
35,513
35,183
34,855
34,530
34,208
33,889
33,573
33,259
32,948
32,121
31,307
30,505
29,716
28,939
28,173
27,420
26,678
25,948
25,229
24,522
23,825
23,140
22,465
21,801
21,147
20,504
19,870
19,247
18,634
18,031
17,437
16,853
16,279
15,713
15,157
14,610
14,072
13,543
13,022
12,510
12,007
11,512
11,025
10,546
10,075

458,641
454,381
450,157
445,969
441,817
437,700
433,618
429,571
425,559
421,580
417,636
413,725
409,329
404,460
399,127
393,340
387,108
380,443
373,353
365,847
357,936
349,627
340,931
331,857
322,923
314,129
305,471
296,949
288,561
280,305
272,179
264,181
256,310
248,563
240,941
233,440
226,059
218,797
211,651
204,622
197,706
190,902
184,210
177,626
171,151
164,783
158,519
152,359

0.9613
0.9603
0.9594
0.9585
0.9575
0.9566
0.9556
0.9546
0.9537
0.9527
0.9517
0.9507
0.9497
0.9487
0.9477
0.9467
0.9456
0.9446
0.9436
0.9425
0.9415
0.9404
0.9393
0.9383
0.9372
0.9361
0.9350
0.9339
0.9328
0.9316
0.9305
0.9294
0.9282
0.9271
0.9259
0.9248
0.9236
0.9224
0.9212
0.9200
0.9188
0.9176
0.9164
0.9152
0.9139
0.9127
0.9114
0.9102

Recover after
Loss Severity

12 months (time to liquidation)
20.00%

Amort
Expected
Voluntary
From
Amortization Prepayments Defaults
70,283
70,163
70,042
69,922
69,802
69,682
69,562
69,442
69,323
69,204
69,085
68,966
68,848
68,729
68,611
68,493
68,375
68,258
68,141
68,023
67,906
67,789
67,673
67,556
67,440
67,325
67,211
67,097
66,984
66,872
66,761
66,650
66,540
66,431
66,322
66,215
66,107
66,001
65,895
65,790
65,686
65,582
65,479
65,377
65,275
65,174
65,074
64,975

569,689
564,397
559,151
553,949
548,791
543,677
538,607
533,580
528,596
523,654
518,755
513,897
509,080
504,309
499,582
494,900
490,261
485,665
481,112
476,602
472,134
467,707
463,321
458,976
454,672
450,407
446,182
441,996
437,848
433,739
429,668
425,635
421,638
417,679
413,756
409,869
406,017
402,201
398,420
394,674
390,962
387,284
383,640
380,028
376,450
372,905
369,391
365,910

440
440
439
438
437
437
436
435
434
434
433
432
431
429
427
424
420
416
412
407
401
395
388
380
373
366
358
351
344
337
330
322
315
308
301
294
287
280
273
266
259
252
245
238
232
225
218
211

Actual
Amort

Expected
Interest

Interest
Lost

Actual
Interest

Principal
Recovery

Principal
Loss

Amortized
Default Bal
In Recovery
Month

69,843
69,723
69,603
69,484
69,364
69,245
69,126
69,007
68,889
68,770
68,652
68,534
68,417
68,300
68,184
68,069
67,955
67,842
67,729
67,617
67,505
67,395
67,285
67,176
67,067
66,960
66,853
66,746
66,641
66,536
66,431
66,328
66,225
66,123
66,021
65,921
65,820
65,721
65,622
65,524
65,427
65,330
65,234
65,139
65,044
64,950
64,856
64,763

488,698
484,162
479,665
475,206
470,785
466,402
462,056
457,747
453,475
449,239
445,039
440,875
436,746
432,653
428,594
424,570
420,580
416,625
412,702
408,813
404,957
401,134
397,343
393,584
389,857
386,165
382,508
378,884
375,295
371,739
368,216
364,726
361,269
357,844
354,451
351,089
347,759
344,459
341,190
337,952
334,743
331,564
328,414
325,294
322,202
319,139
316,104
313,097

3,330
3,299
3,268
3,238
3,208
3,178
3,148
3,119
3,090
3,061
3,032
3,004
2,972
2,938
2,900
2,859
2,815
2,769
2,719
2,667
2,612
2,554
2,494
2,432
2,367
2,303
2,240
2,177
2,116
2,056
1,997
1,939
1,881
1,825
1,769
1,715
1,661
1,608
1,556
1,505
1,454
1,405
1,356
1,308
1,261
1,215
1,169
1,124

485,368
480,863
476,397
471,968
467,578
463,224
458,908
454,628
450,385
446,178
442,007
437,871
433,774
429,715
425,695
421,711
417,765
413,856
409,983
406,146
402,345
398,579
394,849
391,152
387,490
383,862
380,268
376,707
373,179
369,683
366,219
362,788
359,388
356,019
352,681
349,374
346,098
342,851
339,634
336,447
333,288
330,159
327,058
323,986
320,941
317,924
314,935
311,973

32,213
31,913
31,616
31,322
31,030
30,740
30,453
30,168
29,886
29,606
29,329
29,054
28,781
28,511
28,242
27,977
27,713
27,452
27,193
26,936
26,681
26,429
26,178
25,930
25,276
24,632
23,999
23,375
22,760
22,155
21,560
20,974
20,397
19,829
19,271
18,721
18,179
17,647
17,122
16,607
16,099
15,600
15,108
14,625
14,149
13,681
13,221
12,768

8,165
8,089
8,015
7,941
7,868
7,795
7,723
7,652
7,581
7,511
7,442
7,373
7,304
7,236
7,169
7,103
7,037
6,971
6,906
6,842
6,778
6,715
6,652
6,590
6,424
6,261
6,101
5,943
5,788
5,635
5,484
5,336
5,190
5,046
4,904
4,765
4,628
4,493
4,360
4,229
4,101
3,974
3,849
3,727
3,606
3,487
3,371
3,256

40,378
40,003
39,631
39,263
38,898
38,535
38,176
37,820
37,467
37,117
36,770
36,426
36,085
35,747
35,412
35,079
34,750
34,423
34,099
33,777
33,459
33,143
32,830
32,519
31,700
30,894
30,100
29,318
28,548
27,790
27,044
26,310
25,587
24,875
24,175
23,486
22,807
22,140
21,483
20,836
20,200
19,574
18,958
18,352
17,755
17,169
16,591
16,024

Annual
Default
Rate

Monthly
Default
Rate

Monthly
Prepay
Rate

0.006000
0.006000
0.006000
0.006000
0.006000
0.006000
0.006000
0.006000
0.006000
0.006000
0.006000
0.006000
0.005905
0.005810
0.005715
0.005620
0.005525
0.005430
0.005335
0.005240
0.005145
0.005050
0.004955
0.004860
0.004765
0.004670
0.004575
0.004480
0.004385
0.004290
0.004195
0.004100
0.004005
0.003910
0.003815
0.003720
0.003625
0.003530
0.003435
0.003340
0.003245
0.003150
0.003055
0.002960
0.002865
0.002770
0.002675
0.002580

0.000501
0.000501
0.000501
0.000501
0.000501
0.000501
0.000501
0.000501
0.000501
0.000501
0.000501
0.000501
0.000493
0.000485
0.000478
0.000470
0.000462
0.000454
0.000446
0.000438
0.000430
0.000422
0.000414
0.000406
0.000398
0.000390
0.000382
0.000374
0.000366
0.000358
0.000350
0.000342
0.000334
0.000326
0.000318
0.000311
0.000303
0.000295
0.000287
0.000279
0.000271
0.000263
0.000255
0.000247
0.000239
0.000231
0.000223
0.000215

0.007828
0.007828
0.007828
0.007828
0.007828
0.007828
0.007828
0.007828
0.007828
0.007828
0.007828
0.007828
0.007828
0.007828
0.007828
0.007828
0.007828
0.007828
0.007828
0.007828
0.007828
0.007828
0.007828
0.007828
0.007828
0.007828
0.007828
0.007828
0.007828
0.007828
0.007828
0.007828
0.007828
0.007828
0.007828
0.007828
0.007828
0.007828
0.007828
0.007828
0.007828
0.007828
0.007828
0.007828
0.007828
0.007828
0.007828
0.007828

Uniform Practices/Standard Formulas
