SF-32

49
50
51
52
53
54
55
56
57
58
59
60
61
62
63
64
65
66
67
68
69
70
71
72
73
74
75
76
77
78
79
80
81
82
83
84
85
86
87
88
89
90
91
92
93
94
95
96

Prepay Rate
Default Rate

The Bond Market Association

02/01/99

All rights reserved. Reproduction in any form is strictly forbidden. © 1999 The Bond Market Association.

WAC
WAM


Standard Default Methodology

Cash Flow B

Principal and Interest Are Advanced
8.00%
360

Prepay Rate
Default Rate

150% PSA
100% SDA

New
Defaults

In
Foreclosure

Amort
Factor

97
98
99
100
101
102
103
104
105
106
107
108
109
110
111
112
113
114
115
116
117
118
119
120
121
122
123
124
125
126
127
128
129
130
131
132
133
134
135
136
137
138
139
140
141
142
143
144

9,612
9,157
8,710
8,271
7,839
7,414
6,996
6,586
6,183
5,787
5,398
5,016
4,641
4,272
3,910
3,554
3,205
2,862
2,525
2,194
1,870
1,551
1,238
932
923
914
905
896
888
879
871
863
854
846
838
830
822
814
806
798
790
782
775
767
760
752
745
737

146,302
140,346
134,489
128,731
123,069
117,504
112,033
106,655
101,369
96,174
91,069
86,052
81,122
76,279
71,520
66,845
62,252
57,741
53,311
48,960
44,687
40,492
36,373
32,329
28,652
25,333
22,366
19,743
17,459
15,507
13,879
12,569
11,571
10,878
10,484
10,382
10,281
10,181
10,082
9,983
9,886
9,789
9,693
9,597
9,503
9,409
9,316
9,224

0.9089
0.9076
0.9063
0.9050
0.9037
0.9024
0.9011
0.8998
0.8984
0.8971
0.8957
0.8944
0.8930
0.8916
0.8902
0.8888
0.8874
0.8860
0.8845
0.8831
0.8817
0.8802
0.8787
0.8772
0.8758
0.8743
0.8727
0.8712
0.8697
0.8682
0.8666
0.8651
0.8635
0.8619
0.8603
0.8587
0.8571
0.8555
0.8538
0.8522
0.8505
0.8489
0.8472
0.8455
0.8438
0.8421
0.8404
0.8386

45,928,516
45,495,737
45,066,883
44,641,915
44,220,795
43,803,485
43,389,947
42,980,143
42,574,036
42,171,591
41,772,770
41,377,537
40,985,859
40,597,698
40,213,021
39,831,793
39,453,981
39,079,549
38,708,466
38,340,698
37,976,213
37,614,978
37,256,962
36,902,132
36,550,166
36,201,041
35,854,735
35,511,225
35,170,490
34,832,507
34,497,256
34,164,713
33,834,859
33,507,671
33,183,129
32,861,212
32,541,899
32,225,169
31,911,003
31,599,380
31,290,280
30,983,682
30,679,568
30,377,918
30,078,711
29,781,930
29,487,555
29,195,566

12 months (time to liquidation)
20.00%

Amort
Expected
Voluntary
From
Amortization Prepayments Defaults
64,876
64,778
64,680
64,583
64,487
64,391
64,296
64,202
64,108
64,015
63,923
63,831
63,740
63,650
63,560
63,471
63,383
63,295
63,208
63,121
63,035
62,950
62,865
62,781
62,697
62,614
62,532
62,450
62,369
62,289
62,209
62,130
62,051
61,973
61,896
61,819
61,743
61,666
61,590
61,513
61,437
61,361
61,285
61,209
61,133
61,057
60,982
60,906

362,460
359,042
355,655
352,298
348,972
345,676
342,410
339,173
335,966
332,787
329,638
326,516
323,423
320,357
317,319
314,308
311,325
308,368
305,437
302,533
299,654
296,801
293,974
291,172
288,395
285,640
282,908
280,197
277,509
274,842
272,197
269,573
266,970
264,388
261,828
259,288
256,768
254,269
251,790
249,331
246,892
244,473
242,074
239,694
237,333
234,991
232,668
230,364

204
198
191
184
178
171
164
158
151
145
138
131
125
118
112
106
99
93
86
80
74
67
61
55
49
43
39
34
31
28
25
23
21
20
19
19
19
19
19
19
19
19
19
19
19
19
19
19

Actual
Amort

Expected
Interest

Interest
Lost

Actual
Interest

Principal
Recovery

Principal
Loss

Amortized
Default Bal
In Recovery
Month

64,671
64,580
64,489
64,399
64,309
64,220
64,132
64,044
63,957
63,871
63,785
63,700
63,616
63,532
63,448
63,366
63,284
63,202
63,121
63,041
62,961
62,882
62,804
62,726
62,648
62,571
62,493
62,416
62,339
62,261
62,184
62,107
62,030
61,953
61,876
61,800
61,723
61,647
61,570
61,494
61,418
61,342
61,266
61,190
61,114
61,038
60,963
60,887

310,117
307,165
304,241
301,342
298,471
295,626
292,807
290,013
287,245
284,503
281,785
279,092
276,424
273,780
271,160
268,564
265,991
263,442
260,915
258,412
255,931
253,473
251,036
248,622
246,230
243,859
241,509
239,181
236,873
234,586
232,320
230,074
227,849
225,643
223,457
221,291
219,144
217,015
214,902
212,807
210,729
208,668
206,623
204,595
202,583
200,588
198,609
196,646

1,080
1,036
994
952
910
870
830
791
752
714
677
641
605
569
535
500
467
434
402
370
339
308
278
249
222
197
175
155
138
122
109
98
89
83
78
75
75
74
73
73
72
71
70
70
69
68
68
67

309,038
306,129
303,247
300,391
297,561
294,756
291,977
289,222
286,493
283,788
281,108
278,452
275,819
273,211
270,625
268,063
265,524
263,007
260,513
258,042
255,592
253,164
250,758
248,374
246,008
243,662
241,334
239,026
236,736
234,464
232,211
229,976
227,759
225,560
223,379
221,215
219,069
216,941
214,829
212,735
210,657
208,597
206,553
204,525
202,514
200,520
198,541
196,579

12,323
11,885
11,454
11,030
10,614
10,204
9,801
9,405
9,016
8,633
8,256
7,887
7,523
7,166
6,814
6,469
6,130
5,797
5,470
5,148
4,832
4,522
4,217
3,918
3,624
3,335
3,052
2,773
2,500
2,232
1,969
1,711
1,457
1,209
965
726
719
712
705
698
691
684
677
671
664
658
651
645

3,143
3,031
2,922
2,814
2,709
2,604
2,502
2,401
2,302
2,205
2,109
2,015
1,922
1,831
1,742
1,654
1,568
1,483
1,399
1,317
1,237
1,157
1,080
1,003
928
854
782
711
641
572
505
439
374
310
248
186
185
183
181
179
178
176
174
173
171
169
168
166

15,465
14,916
14,376
13,845
13,322
12,808
12,303
11,806
11,318
10,838
10,366
9,902
9,445
8,997
8,556
8,123
7,698
7,280
6,869
6,465
6,069
5,679
5,297
4,921
4,552
4,189
3,834
3,484
3,141
2,804
2,474
2,150
1,831
1,519
1,213
912
903
894
886
877
868
860
852
843
835
827
819
810

Annual
Default
Rate

Monthly
Default
Rate

Monthly
Prepay
Rate

0.002485
0.002390
0.002295
0.002200
0.002105
0.002010
0.001915
0.001820
0.001725
0.001630
0.001535
0.001440
0.001345
0.001250
0.001155
0.001060
0.000965
0.000870
0.000775
0.000680
0.000585
0.000490
0.000395
0.000300
0.000300
0.000300
0.000300
0.000300
0.000300
0.000300
0.000300
0.000300
0.000300
0.000300
0.000300
0.000300
0.000300
0.000300
0.000300
0.000300
0.000300
0.000300
0.000300
0.000300
0.000300
0.000300
0.000300
0.000300

0.000207
0.000199
0.000191
0.000184
0.000176
0.000168
0.000160
0.000152
0.000144
0.000136
0.000128
0.000120
0.000112
0.000104
0.000096
0.000088
0.000080
0.000073
0.000065
0.000057
0.000049
0.000041
0.000033
0.000025
0.000025
0.000025
0.000025
0.000025
0.000025
0.000025
0.000025
0.000025
0.000025
0.000025
0.000025
0.000025
0.000025
0.000025
0.000025
0.000025
0.000025
0.000025
0.000025
0.000025
0.000025
0.000025
0.000025
0.000025

0.007828
0.007828
0.007828
0.007828
0.007828
0.007828
0.007828
0.007828
0.007828
0.007828
0.007828
0.007828
0.007828
0.007828
0.007828
0.007828
0.007828
0.007828
0.007828
0.007828
0.007828
0.007828
0.007828
0.007828
0.007828
0.007828
0.007828
0.007828
0.007828
0.007828
0.007828
0.007828
0.007828
0.007828
0.007828
0.007828
0.007828
0.007828
0.007828
0.007828
0.007828
0.007828
0.007828
0.007828
0.007828
0.007828
0.007828
0.007828

Uniform Practices/Standard Formulas
