SF-37

Month

Performing
Balance

Prepay Rate
Default Rate

The Bond Market Association

02/01/99

All rights reserved. Reproduction in any form is strictly forbidden. © 1999 The Bond Market Association.

WAC
WAM


Standard Default Methodology

Cash Flow B

Principal and Interest Are Advanced
8.00%
360

Performing
Month
Balance
337
338
339
340
341
342
343
344
345
346
347
348
349
350
351
352
353
354
355
356
357
358
359
360
Total

1,185,672
1,128,865
1,072,563
1,016,763
961,459
906,648
852,326
798,490
745,134
692,256
639,852
587,917
536,461
485,466
434,926
384,839
335,201
286,007
237,256
188,942
141,064
93,616
46,596
0

Prepay Rate
Default Rate
New
Defaults

31
30
28
27
25
24
23
21
20
19
17
16
0
0
0
0
0
0
0
0
0
0
0
0
________
2,776,019

150% PSA
100% SDA

In
Foreclosure

Amort
Factor

375
357
339
321
304
286
269
252
235
219
202
186
156
129
104
82
63
46
32
21
12
5
1
0

0.1560
0.1497
0.1433
0.1370
0.1305
0.1241
0.1176
0.1110
0.1044
0.0978
0.0911
0.0844
0.0776
0.0708
0.0639
0.0570
0.0500
0.0430
0.0360
0.0289
0.0217
0.0145
0.0073
0.0000

Recover after
Loss Severity

12 months (time to liquidation)
20.00%

Amort
Expected
Voluntary
From
Amortization Prepayments Defaults

Actual
Amort

Expected
Interest

Interest
Lost

Actual
Interest

47,944
9,355
15
47,929
47,885
8,907
15
47,870
47,825
8,463
15
47,810
47,766
8,023
15
47,751
47,707
7,586
15
47,692
47,648
7,154
15
47,633
47,589
6,725
15
47,574
47,530
6,300
15
47,515
47,471
5,879
15
47,456
47,412
5,462
15
47,397
47,353
5,049
15
47,339
47,295
4,639
15
47,280
47,236
4,233
14
47,223
47,178
3,830
12
47,165
47,119
3,432
11
47,108
47,061
3,036
10
47,051
47,002
2,645
9
46,994
46,944
2,257
8
46,937
46,886
1,872
6
46,880
46,828
1,491
5
46,823
46,770
1,113
4
46,766
46,712
739
3
46,709
46,654
368
1
46,652
46,596
0
0
46,596
______________________________ __________
21,208,767 76,052,023
36,809 21,171,958

8,289
7,907
7,528
7,153
6,781
6,412
6,046
5,684
5,325
4,969
4,616
4,267
3,921
3,577
3,237
2,900
2,566
2,235
1,907
1,582
1,260
941
624
311

3
3
3
2
2
2
2
2
2
2
2
1
1
1
1
1
1
0
0
0
0
0
0
0

8,286
7,904
7,526
7,150
6,778
6,410
6,044
5,682
5,323
4,967
4,615
4,266
3,919
3,576
3,236
2,900
2,566
2,235
1,907
1,582
1,260
940
624
311

Principal
Recovery

Principal
Loss

Amortized
Default Bal
In Recovery
Month

24
10
34
23
10
33
22
9
31
21
9
29
19
9
28
18
8
26
17
8
25
16
8
23
15
7
22
13
7
20
12
7
19
11
7
18
10
6
16
9
6
15
8
6
13
7
5
12
5
5
11
4
5
9
3
5
8
2
4
7
1
4
5
0
4
4
0
3
3
0
1
1
_____________________________
2,184,008
555,201 2,739,209

Annual
Default
Rate

Monthly
Default
Rate

Monthly
Prepay
Rate

0.000300
0.000300
0.000300
0.000300
0.000300
0.000300
0.000300
0.000300
0.000300
0.000300
0.000300
0.000300
0.000000
0.000000
0.000000
0.000000
0.000000
0.000000
0.000000
0.000000
0.000000
0.000000
0.000000
0.000000

0.000025
0.000025
0.000025
0.000025
0.000025
0.000025
0.000025
0.000025
0.000025
0.000025
0.000025
0.000025
0.000000
0.000000
0.000000
0.000000
0.000000
0.000000
0.000000
0.000000
0.000000
0.000000
0.000000
0.000000

0.007828
0.007828
0.007828
0.007828
0.007828
0.007828
0.007828
0.007828
0.007828
0.007828
0.007828
0.007828
0.007828
0.007828
0.007828
0.007828
0.007828
0.007828
0.007828
0.007828
0.007828
0.007828
0.007828
0.000000

The Bond Market Association

02/01/99

All rights reserved. Reproduction in any form is strictly forbidden. © 1999 The Bond Market Association.

WAC
WAM

Uniform Practices/Standard Formulas
