SF-8


The Bond Market Association

Uniform Practices/Standard Formulas

Prepayment Rate Conversion Table
SMM
.05
.10
.15
.20
.25
.30
.35
.40
.45
.50
.55
.60
.65
.70
.75
.80
.85
.90
.95
1.00
1.05
1.10
1.15
1.20
1.25
1.30
1.35
1.40
1.45
1.50
1.55
1.60
1.65
1.70
1.75
1.80
1.85
1.90
1.95
2.00
2.05
2.10
2.15
2.20
2.25

CPR
0.6
1.2
1.8
2.4
3.0
3.5
4.1
4.7
5.3
5.8
6.4
7.0
7.5
8.1
8.6
9.2
9.7
10.3
10.8
11.4
11.9
12.4
13.0
13.5
14.0
14.5
15.0
15.6
16.1
16.6
17.1
17.6
18.1
18.6
19.1
19.6
20.1
20.6
21.0
21.5
22.0
22.5
23.0
23.4
23.9

PSA*
10
20
30
40
49
59
69
78
88
97
107
116
125
135
144
153
162
171
180
189
198
207
216
225
234
242
251
259
268
276
285
293
302
310
318
326
335
343
351
359
367
375
383
390
398

SMM
2.30
2.35
2.40
2.45
2.50
2.55
2.60
2.65
2.70
2.75
2.80
2.85
2.90
2.95
3.00
3.05
3.10
3.15
3.20
3.25
3.30
3.35
3.40
3.45
3.50
3.55
3.60
3.65
3.70
3.75
3.80
3.85
3.90
3.95
4.00
4.05
4.10
4.15
4.20
4.25
4.30
4.35
4.40
4.45
4.50

CPR
24.4
24.8
25.3
25.7
26.2
26.7
27.1
27.6
28.0
28.4
28.9
29.3
29.8
30.2
30.6
31.0
31.5
31.9
32.3
32.7
33.1
33.6
34.0
34.4
34.8
35.2
35.6
36.0
36.4
36.8
37.2
37.6
38.0
38.3
38.7
39.1
39.5
39.9
40.2
40.6
41.0
41.4
41.7
42.1
42.5

PSA*
406
414
421
429
437
444
452
459
467
474
481
489
496
503
510
517
524
532
539
546
552
559
566
573
580
587
593
600
607
613
620
626
633
639
645
652
658
664
671
677
683
689
695
701
708

SMM
4.55
4.60
4.65
4.70
4.75
4.80
4.85
4.90
4.95
5.00
5.05
5.10
5.15
5.20
5.25
5.30
5.35
5.40
5.45
5.50
5.55
5.60
5.65
5.70
5.75
5.80
5.85
5.90
5.95
6.00
6.05
6.10
6.15
6.20
6.25
6.30
6.35
6.40
6.45
6.50
6.55
6.60
6.65
6.70
6.75

CPR
42.8
43.2
43.5
43.9
44.2
44.6
44.9
45.3
45.6
46.0
46.3
46.6
47.0
47.3
47.6
48.0
48.3
48.6
49.0
49.3
49.6
49.9
50.2
50.6
50.9
51.2
51.5
51.8
52.1
52.4
52.7
53.0
53.3
53.6
53.9
54.2
54.5
54.8
55.1
55.4
55.6
55.9
56.2
56.5
56.8

PSA*
714
719
725
731
737
743
749
755
760
766
772
777
783
789
794
800
805
811
816
821
827
832
837
843
848
853
858
863
868
873
879
884
889
893
898
903
908
913
918
923
927
932
937
942
946

SMM
6.80
6.85
6.90
6.95
7.00
7.05
7.10
7.15
7.20
7.25
7.30
7.35
7.40
7.45
7.50
7.55
7.60
7.65
7.70
7.75
7.80
7.85
7.90
7.95
8.00
8.05
8.10
8.15
8.20
8.25
8.30
8.35
8.40
8.45
8.50
8.55
8.60
8.65
8.70
8.75
8.80
8.85
8.90
8.95
9.00

CPR
57.0
57.3
57.6
57.9
58.1
58.4
58.7
58.9
59.2
59.5
59.7
60.0
60.3
60.5
60.8
61.0
61.3
61.5
61.8
62.0
62.3
62.5
62.8
63.0
63.2
63.5
63.7
63.9
64.2
64.4
64.6
64.9
65.1
65.3
65.6
65.8
66.0
66.2
66.5
66.7
66.9
67.1
67.3
67.5
67.8

PSA*
951
955
960
964
969
973
978
982
987
991
996
1000
1004
1008
1013
1017
1021
1025
1029
1034
1038
1042
1046
1050
1054
1058
1062
1066
1070
1074
1077
1081
1085
1089
1093
1096
1100
1104
1108
1111
1115
1118
1122
1126
1129

SMM – Single Monthly Mortality (monthly prepayment rate in percent)
CPR – Conditional Prepayment Rate (annual prepayment rate in percent)
PSA – Standard Prepayment Model of The Bond Market Association (percentage of PSA [Prepayment Speed Assumption] model: 100% = 6% CPR)
*
PSA CONVERSION IS ONLY VALID AFTER THE 29TH MONTH OF MORTGAGE LIFE.

02/01/99
All rights reserved. Reproduction in any form is strictly forbidden. © 1999 The Bond Market Association.
