SF-9


Conversion of One-Month PSA to SMM Based on Months after Mortgage Origination
100

150

200

250

300

350

400

450

500

550

600

650

700

750

800

850

900

950

1000

0.01
0.02
0.03
0.03
0.04
0.05
0.06
0.07
0.08
0.08
0.09
0.10
0.11
0.12
0.13
0.13
0.14
0.15
0.16
0.17
0.18
0.19
0.19
0.20
0.21
0.22
0.23
0.24
0.24
0.25

0.02
0.03
0.05
0.07
0.08
0.10
0.12
0.13
0.15
0.17
0.19
0.20
0.22
0.24
0.25
0.27
0.29
0.31
0.32
0.34
0.36
0.37
0.39
0.41
0.43
0.44
0.46
0.48
0.50
0.51

0.03
0.05
0.08
0.10
0.13
0.15
0.18
0.20
0.23
0.25
0.28
0.31
0.33
0.36
0.38
0.41
0.44
0.46
0.49
0.51
0.54
0.57
0.59
0.62
0.65
0.67
0.70
0.73
0.76
0.78

0.03
0.07
0.10
0.13
0.17
0.20
0.24
0.27
0.31
0.34
0.37
0.41
0.44
0.48
0.51
0.55
0.59
0.62
0.66
0.69
0.73
0.76
0.80
0.84
0.87
0.91
0.95
0.98
1.02
1.06

0.04
0.08
0.13
0.17
0.21
0.25
0.30
0.34
0.38
0.43
0.47
0.51
0.56
0.60
0.65
0.69
0.74
0.78
0.83
0.87
0.92
0.97
1.01
1.06
1.11
1.15
1.20
1.25
1.30
1.35

0.05
0.10
0.15
0.20
0.25
0.31
0.36
0.41
0.46
0.51
0.57
0.62
0.67
0.73
0.78
0.84
0.89
0.95
1.00
1.06
1.12
1.17
1.23
1.29
1.35
1.40
1.46
1.52
1.58
1.64

0.06
0.12
0.18
0.24
0.30
0.36
0.42
0.48
0.54
0.60
0.67
0.73
0.79
0.86
0.92
0.98
1.05
1.12
1.18
1.25
1.32
1.38
1.45
1.52
1.59
1.66
1.73
1.80
1.87
1.95

0.07
0.13
0.20
0.27
0.34
0.41
0.48
0.55
0.62
0.69
0.76
0.84
0.91
0.98
1.06
1.13
1.21
1.29
1.36
1.44
1.52
1.60
1.68
1.76
1.84
1.92
2.01
2.09
2.18
2.26

0.08
0.15
0.23
0.31
0.38
0.46
0.54
0.62
0.70
0.78
0.86
0.95
1.03
1.12
1.20
1.29
1.37
1.46
1.55
1.64
1.73
1.82
1.91
2.01
2.10
2.20
2.29
2.39
2.49
2.59

0.08
0.17
0.25
0.34
0.43
0.51
0.60
0.69
0.78
0.87
0.97
1.06
1.15
1.25
1.35
1.44
1.54
1.64
1.74
1.84
1.95
2.05
2.15
2.26
2.37
2.48
2.59
2.70
2.81
2.93

0.09
0.19
0.28
0.37
0.47
0.57
0.67
0.76
0.86
0.97
1.07
1.17
1.28
1.38
1.49
1.60
1.71
1.82
1.93
2.05
2.17
2.28
2.40
2.52
2.64
2.77
2.89
3.02
3.15
3.28

0.10
0.20
0.31
0.41
0.51
0.62
0.73
0.84
0.95
1.06
1.17
1.29
1.40
1.52
1.64
1.76
1.88
2.01
2.13
2.26
2.39
2.52
2.66
2.79
2.93
3.07
3.21
3.35
3.50
3.65

0.11
0.22
0.33
0.44
0.56
0.67
0.79
0.91
1.03
1.15
1.28
1.40
1.53
1.66
1.79
1.92
2.06
2.20
2.34
2.48
2.62
2.77
2.92
3.07
3.22
3.38
3.54
3.70
3.87
4.04

0.12
0.24
0.36
0.48
0.60
0.73
0.86
0.98
1.12
1.25
1.38
1.52
1.66
1.80
1.95
2.09
2.24
2.39
2.54
2.70
2.86
3.02
3.19
3.35
3.53
3.70
3.88
4.06
4.25
4.44

0.13
0.25
0.38
0.51
0.65
0.78
0.92
1.06
1.20
1.35
1.49
1.64
1.79
1.95
2.10
2.26
2.42
2.59
2.76
2.93
3.10
3.28
3.46
3.65
3.84
4.04
4.23
4.44
4.65
4.86

0.13
0.27
0.41
0.55
0.69
0.84
0.98
1.13
1.29
1.44
1.60
1.76
1.92
2.09
2.26
2.43
2.61
2.79
2.97
3.16
3.35
3.55
3.75
3.96
4.17
4.38
4.60
4.83
5.06
5.30

0.14
0.29
0.44
0.59
0.74
0.89
1.05
1.21
1.37
1.54
1.71
1.88
2.06
2.24
2.42
2.61
2.80
3.00
3.20
3.40
3.61
3.83
4.05
4.27
4.51
4.75
4.99
5.24
5.50
5.77

0.15
0.31
0.46
0.62
0.78
0.95
1.12
1.29
1.46
1.64
1.82
2.01
2.20
2.39
2.59
2.79
3.00
3.21
3.43
3.65
3.88
4.11
4.36
4.60
4.86
5.12
5.40
5.68
5.97
6.27

0.16
0.32
0.49
0.66
0.83
1.00
1.18
1.36
1.55
1.74
1.93
2.13
2.34
2.54
2.76
2.97
3.20
3.43
3.66
3.91
4.15
4.41
4.67
4.95
5.23
5.52
5.82
6.13
6.46
6.79

0.17
0.34
0.51
0.69
0.87
1.06
1.25
1.44
1.64
1.84
2.05
2.26
2.48
2.70
2.93
3.16
3.40
3.65
3.91
4.17
4.44
4.72
5.01
5.30
5.61
5.93
6.27
6.61
6.97
7.35
